1600
50.000000 50.000000 -0.100000 0.000000
150.000000 50.000000 -0.100000 0.000000
250.000000 50.000000 -0.100000 0.000000
350.000000 50.000000 -0.100000 0.000000
450.000000 50.000000 -0.100000 0.000000
550.000000 50.000000 -0.100000 0.000000
650.000000 50.000000 -0.100000 0.000000
750.000000 50.000000 -0.100000 0.000000
850.000000 50.000000 -0.100000 0.000000
950.000000 50.000000 -0.100000 0.000000
1050.000000 50.000000 -0.100000 0.000000
1150.000000 50.000000 -0.100000 0.000000
1250.000000 50.000000 -0.100000 0.000000
1350.000000 50.000000 -0.100000 0.000000
1450.000000 50.000000 -0.100000 0.000000
1550.000000 50.000000 -0.100000 0.000000
1650.000000 50.000000 -0.100000 0.000000
1750.000000 50.000000 -0.100000 0.000000
1850.000000 50.000000 -0.100000 0.000000
1950.000000 50.000000 -0.100000 0.000000
2050.000000 50.000000 -0.100000 0.000000
2150.000000 50.000000 -0.100000 0.000000
2250.000000 50.000000 -0.100000 0.000000
2350.000000 50.000000 -0.100000 0.000000
2450.000000 50.000000 -0.100000 0.000000
2550.000000 50.000000 -0.100000 0.000000
2650.000000 50.000000 -0.100000 0.000000
2750.000000 50.000000 -0.100000 0.000000
2850.000000 50.000000 -0.100000 0.000000
2950.000000 50.000000 -0.100000 0.000000
3050.000000 50.000000 -0.100000 0.000000
3150.000000 50.000000 -0.100000 0.000000
3250.000000 50.000000 -0.100000 0.000000
3350.000000 50.000000 -0.100000 0.000000
3450.000000 50.000000 -0.100000 0.000000
3550.000000 50.000000 -0.100000 0.000000
3650.000000 50.000000 -0.100000 0.000000
3750.000000 50.000000 -0.100000 0.000000
3850.000000 50.000000 -0.100000 0.000000
3950.000000 50.000000 -0.100000 0.000000
50.000000 150.000000 -0.100000 0.000000
150.000000 150.000000 -0.100000 0.000000
250.000000 150.000000 -0.100000 0.000000
350.000000 150.000000 -0.100000 0.000000
450.000000 150.000000 -0.100000 0.000000
550.000000 150.000000 -0.100000 0.000000
650.000000 150.000000 -0.100000 0.000000
750.000000 150.000000 -0.100000 0.000000
850.000000 150.000000 -0.100000 0.000000
950.000000 150.000000 -0.100000 0.000000
1050.000000 150.000000 -0.100000 0.000000
1150.000000 150.000000 -0.100000 0.000000
1250.000000 150.000000 -0.100000 0.000000
1350.000000 150.000000 -0.100000 0.000000
1450.000000 150.000000 -0.100000 0.000000
1550.000000 150.000000 -0.100000 0.000000
1650.000000 150.000000 -0.100000 0.000000
1750.000000 150.000000 -0.100000 0.000000
1850.000000 150.000000 -0.100000 0.000000
1950.000000 150.000000 -0.100000 0.000000
2050.000000 150.000000 -0.100000 0.000000
2150.000000 150.000000 -0.100000 0.000000
2250.000000 150.000000 -0.100000 0.000000
2350.000000 150.000000 -0.100000 0.000000
2450.000000 150.000000 -0.100000 0.000000
2550.000000 150.000000 -0.100000 0.000000
2650.000000 150.000000 -0.100000 0.000000
2750.000000 150.000000 -0.100000 0.000000
2850.000000 150.000000 -0.100000 0.000000
2950.000000 150.000000 -0.100000 0.000000
3050.000000 150.000000 -0.100000 0.000000
3150.000000 150.000000 -0.100000 0.000000
3250.000000 150.000000 -0.100000 0.000000
3350.000000 150.000000 -0.100000 0.000000
3450.000000 150.000000 -0.100000 0.000000
3550.000000 150.000000 -0.100000 0.000000
3650.000000 150.000000 -0.100000 0.000000
3750.000000 150.000000 -0.100000 0.000000
3850.000000 150.000000 -0.100000 0.000000
3950.000000 150.000000 -0.100000 0.000000
50.000000 250.000000 -0.100000 0.000000
150.000000 250.000000 -0.100000 0.000000
250.000000 250.000000 -0.100000 0.000000
350.000000 250.000000 -0.100000 0.000000
450.000000 250.000000 -0.100000 0.000000
550.000000 250.000000 -0.100000 0.000000
650.000000 250.000000 -0.100000 0.000000
750.000000 250.000000 -0.100000 0.000000
850.000000 250.000000 -0.100000 0.000000
950.000000 250.000000 -0.100000 0.000000
1050.000000 250.000000 -0.100000 0.000000
1150.000000 250.000000 -0.100000 0.000000
1250.000000 250.000000 -0.100000 0.000000
1350.000000 250.000000 -0.100000 0.000000
1450.000000 250.000000 -0.100000 0.000000
1550.000000 250.000000 -0.100000 0.000000
1650.000000 250.000000 -0.100000 0.000000
1750.000000 250.000000 -0.100000 0.000000
1850.000000 250.000000 -0.100000 0.000000
1950.000000 250.000000 -0.100000 0.000000
2050.000000 250.000000 -0.100000 0.000000
2150.000000 250.000000 -0.100000 0.000000
2250.000000 250.000000 -0.100000 0.000000
2350.000000 250.000000 -0.100000 0.000000
2450.000000 250.000000 -0.100000 0.000000
2550.000000 250.000000 -0.100000 0.000000
2650.000000 250.000000 -0.100000 0.000000
2750.000000 250.000000 -0.100000 0.000000
2850.000000 250.000000 -0.100000 0.000000
2950.000000 250.000000 -0.100000 0.000000
3050.000000 250.000000 -0.100000 0.000000
3150.000000 250.000000 -0.100000 0.000000
3250.000000 250.000000 -0.100000 0.000000
3350.000000 250.000000 -0.100000 0.000000
3450.000000 250.000000 -0.100000 0.000000
3550.000000 250.000000 -0.100000 0.000000
3650.000000 250.000000 -0.100000 0.000000
3750.000000 250.000000 -0.100000 0.000000
3850.000000 250.000000 -0.100000 0.000000
3950.000000 250.000000 -0.100000 0.000000
50.000000 350.000000 -0.100000 0.000000
150.000000 350.000000 -0.100000 0.000000
250.000000 350.000000 -0.100000 0.000000
350.000000 350.000000 -0.100000 0.000000
450.000000 350.000000 -0.100000 0.000000
550.000000 350.000000 -0.100000 0.000000
650.000000 350.000000 -0.100000 0.000000
750.000000 350.000000 -0.100000 0.000000
850.000000 350.000000 -0.100000 0.000000
950.000000 350.000000 -0.100000 0.000000
1050.000000 350.000000 -0.100000 0.000000
1150.000000 350.000000 -0.100000 0.000000
1250.000000 350.000000 -0.100000 0.000000
1350.000000 350.000000 -0.100000 0.000000
1450.000000 350.000000 -0.100000 0.000000
1550.000000 350.000000 -0.100000 0.000000
1650.000000 350.000000 -0.100000 0.000000
1750.000000 350.000000 -0.100000 0.000000
1850.000000 350.000000 -0.100000 0.000000
1950.000000 350.000000 -0.100000 0.000000
2050.000000 350.000000 -0.100000 0.000000
2150.000000 350.000000 -0.100000 0.000000
2250.000000 350.000000 -0.100000 0.000000
2350.000000 350.000000 -0.100000 0.000000
2450.000000 350.000000 -0.100000 0.000000
2550.000000 350.000000 -0.100000 0.000000
2650.000000 350.000000 -0.100000 0.000000
2750.000000 350.000000 -0.100000 0.000000
2850.000000 350.000000 -0.100000 0.000000
2950.000000 350.000000 -0.100000 0.000000
3050.000000 350.000000 -0.100000 0.000000
3150.000000 350.000000 -0.100000 0.000000
3250.000000 350.000000 -0.100000 0.000000
3350.000000 350.000000 -0.100000 0.000000
3450.000000 350.000000 -0.100000 0.000000
3550.000000 350.000000 -0.100000 0.000000
3650.000000 350.000000 -0.100000 0.000000
3750.000000 350.000000 -0.100000 0.000000
3850.000000 350.000000 -0.100000 0.000000
3950.000000 350.000000 -0.100000 0.000000
50.000000 450.000000 -0.100000 0.000000
150.000000 450.000000 -0.100000 0.000000
250.000000 450.000000 -0.100000 0.000000
350.000000 450.000000 -0.100000 0.000000
450.000000 450.000000 -0.100000 0.000000
550.000000 450.000000 -0.100000 0.000000
650.000000 450.000000 -0.100000 0.000000
750.000000 450.000000 -0.100000 0.000000
850.000000 450.000000 -0.100000 0.000000
950.000000 450.000000 -0.100000 0.000000
1050.000000 450.000000 -0.100000 0.000000
1150.000000 450.000000 -0.100000 0.000000
1250.000000 450.000000 -0.100000 0.000000
1350.000000 450.000000 -0.100000 0.000000
1450.000000 450.000000 -0.100000 0.000000
1550.000000 450.000000 -0.100000 0.000000
1650.000000 450.000000 -0.100000 0.000000
1750.000000 450.000000 -0.100000 0.000000
1850.000000 450.000000 -0.100000 0.000000
1950.000000 450.000000 -0.100000 0.000000
2050.000000 450.000000 -0.100000 0.000000
2150.000000 450.000000 -0.100000 0.000000
2250.000000 450.000000 -0.100000 0.000000
2350.000000 450.000000 -0.100000 0.000000
2450.000000 450.000000 -0.100000 0.000000
2550.000000 450.000000 -0.100000 0.000000
2650.000000 450.000000 -0.100000 0.000000
2750.000000 450.000000 -0.100000 0.000000
2850.000000 450.000000 -0.100000 0.000000
2950.000000 450.000000 -0.100000 0.000000
3050.000000 450.000000 -0.100000 0.000000
3150.000000 450.000000 -0.100000 0.000000
3250.000000 450.000000 -0.100000 0.000000
3350.000000 450.000000 -0.100000 0.000000
3450.000000 450.000000 -0.100000 0.000000
3550.000000 450.000000 -0.100000 0.000000
3650.000000 450.000000 -0.100000 0.000000
3750.000000 450.000000 -0.100000 0.000000
3850.000000 450.000000 -0.100000 0.000000
3950.000000 450.000000 -0.100000 0.000000
50.000000 550.000000 -0.100000 0.000000
150.000000 550.000000 -0.100000 0.000000
250.000000 550.000000 -0.100000 0.000000
350.000000 550.000000 -0.100000 0.000000
450.000000 550.000000 -0.100000 0.000000
550.000000 550.000000 -0.100000 0.000000
650.000000 550.000000 -0.100000 0.000000
750.000000 550.000000 -0.100000 0.000000
850.000000 550.000000 -0.100000 0.000000
950.000000 550.000000 -0.100000 0.000000
1050.000000 550.000000 -0.100000 0.000000
1150.000000 550.000000 -0.100000 0.000000
1250.000000 550.000000 -0.100000 0.000000
1350.000000 550.000000 -0.100000 0.000000
1450.000000 550.000000 -0.100000 0.000000
1550.000000 550.000000 -0.100000 0.000000
1650.000000 550.000000 -0.100000 0.000000
1750.000000 550.000000 -0.100000 0.000000
1850.000000 550.000000 -0.100000 0.000000
1950.000000 550.000000 -0.100000 0.000000
2050.000000 550.000000 -0.100000 0.000000
2150.000000 550.000000 -0.100000 0.000000
2250.000000 550.000000 -0.100000 0.000000
2350.000000 550.000000 -0.100000 0.000000
2450.000000 550.000000 -0.100000 0.000000
2550.000000 550.000000 -0.100000 0.000000
2650.000000 550.000000 -0.100000 0.000000
2750.000000 550.000000 -0.100000 0.000000
2850.000000 550.000000 -0.100000 0.000000
2950.000000 550.000000 -0.100000 0.000000
3050.000000 550.000000 -0.100000 0.000000
3150.000000 550.000000 -0.100000 0.000000
3250.000000 550.000000 -0.100000 0.000000
3350.000000 550.000000 -0.100000 0.000000
3450.000000 550.000000 -0.100000 0.000000
3550.000000 550.000000 -0.100000 0.000000
3650.000000 550.000000 -0.100000 0.000000
3750.000000 550.000000 -0.100000 0.000000
3850.000000 550.000000 -0.100000 0.000000
3950.000000 550.000000 -0.100000 0.000000
50.000000 650.000000 -0.100000 0.000000
150.000000 650.000000 -0.100000 0.000000
250.000000 650.000000 -0.100000 0.000000
350.000000 650.000000 -0.100000 0.000000
450.000000 650.000000 -0.100000 0.000000
550.000000 650.000000 -0.100000 0.000000
650.000000 650.000000 -0.100000 0.000000
750.000000 650.000000 -0.100000 0.000000
850.000000 650.000000 -0.100000 0.000000
950.000000 650.000000 -0.100000 0.000000
1050.000000 650.000000 -0.100000 0.000000
1150.000000 650.000000 -0.100000 0.000000
1250.000000 650.000000 -0.100000 0.000000
1350.000000 650.000000 -0.100000 0.000000
1450.000000 650.000000 -0.100000 0.000000
1550.000000 650.000000 -0.100000 0.000000
1650.000000 650.000000 -0.100000 0.000000
1750.000000 650.000000 -0.100000 0.000000
1850.000000 650.000000 -0.100000 0.000000
1950.000000 650.000000 -0.100000 0.000000
2050.000000 650.000000 -0.100000 0.000000
2150.000000 650.000000 -0.100000 0.000000
2250.000000 650.000000 -0.100000 0.000000
2350.000000 650.000000 -0.100000 0.000000
2450.000000 650.000000 -0.100000 0.000000
2550.000000 650.000000 -0.100000 0.000000
2650.000000 650.000000 -0.100000 0.000000
2750.000000 650.000000 -0.100000 0.000000
2850.000000 650.000000 -0.100000 0.000000
2950.000000 650.000000 -0.100000 0.000000
3050.000000 650.000000 -0.100000 0.000000
3150.000000 650.000000 -0.100000 0.000000
3250.000000 650.000000 -0.100000 0.000000
3350.000000 650.000000 -0.100000 0.000000
3450.000000 650.000000 -0.100000 0.000000
3550.000000 650.000000 -0.100000 0.000000
3650.000000 650.000000 -0.100000 0.000000
3750.000000 650.000000 -0.100000 0.000000
3850.000000 650.000000 -0.100000 0.000000
3950.000000 650.000000 -0.100000 0.000000
50.000000 750.000000 -0.100000 0.000000
150.000000 750.000000 -0.100000 0.000000
250.000000 750.000000 -0.100000 0.000000
350.000000 750.000000 -0.100000 0.000000
450.000000 750.000000 -0.100000 0.000000
550.000000 750.000000 -0.100000 0.000000
650.000000 750.000000 -0.100000 0.000000
750.000000 750.000000 -0.100000 0.000000
850.000000 750.000000 -0.100000 0.000000
950.000000 750.000000 -0.100000 0.000000
1050.000000 750.000000 -0.100000 0.000000
1150.000000 750.000000 -0.100000 0.000000
1250.000000 750.000000 -0.100000 0.000000
1350.000000 750.000000 -0.100000 0.000000
1450.000000 750.000000 -0.100000 0.000000
1550.000000 750.000000 -0.100000 0.000000
1650.000000 750.000000 -0.100000 0.000000
1750.000000 750.000000 -0.100000 0.000000
1850.000000 750.000000 -0.100000 0.000000
1950.000000 750.000000 -0.100000 0.000000
2050.000000 750.000000 -0.100000 0.000000
2150.000000 750.000000 -0.100000 0.000000
2250.000000 750.000000 -0.100000 0.000000
2350.000000 750.000000 -0.100000 0.000000
2450.000000 750.000000 -0.100000 0.000000
2550.000000 750.000000 -0.100000 0.000000
2650.000000 750.000000 -0.100000 0.000000
2750.000000 750.000000 -0.100000 0.000000
2850.000000 750.000000 -0.100000 0.000000
2950.000000 750.000000 -0.100000 0.000000
3050.000000 750.000000 -0.100000 0.000000
3150.000000 750.000000 -0.100000 0.000000
3250.000000 750.000000 -0.100000 0.000000
3350.000000 750.000000 -0.100000 0.000000
3450.000000 750.000000 -0.100000 0.000000
3550.000000 750.000000 -0.100000 0.000000
3650.000000 750.000000 -0.100000 0.000000
3750.000000 750.000000 -0.100000 0.000000
3850.000000 750.000000 -0.100000 0.000000
3950.000000 750.000000 -0.100000 0.000000
50.000000 850.000000 -0.100000 0.000000
150.000000 850.000000 -0.100000 0.000000
250.000000 850.000000 -0.100000 0.000000
350.000000 850.000000 -0.100000 0.000000
450.000000 850.000000 -0.100000 0.000000
550.000000 850.000000 -0.100000 0.000000
650.000000 850.000000 -0.100000 0.000000
750.000000 850.000000 -0.100000 0.000000
850.000000 850.000000 -0.100000 0.000000
950.000000 850.000000 -0.100000 0.000000
1050.000000 850.000000 -0.100000 0.000000
1150.000000 850.000000 -0.100000 0.000000
1250.000000 850.000000 -0.100000 0.000000
1350.000000 850.000000 -0.100000 0.000000
1450.000000 850.000000 -0.100000 0.000000
1550.000000 850.000000 -0.100000 0.000000
1650.000000 850.000000 -0.100000 0.000000
1750.000000 850.000000 -0.100000 0.000000
1850.000000 850.000000 -0.100000 0.000000
1950.000000 850.000000 -0.100000 0.000000
2050.000000 850.000000 -0.100000 0.000000
2150.000000 850.000000 -0.100000 0.000000
2250.000000 850.000000 -0.100000 0.000000
2350.000000 850.000000 -0.100000 0.000000
2450.000000 850.000000 -0.100000 0.000000
2550.000000 850.000000 -0.100000 0.000000
2650.000000 850.000000 -0.100000 0.000000
2750.000000 850.000000 -0.100000 0.000000
2850.000000 850.000000 -0.100000 0.000000
2950.000000 850.000000 -0.100000 0.000000
3050.000000 850.000000 -0.100000 0.000000
3150.000000 850.000000 -0.100000 0.000000
3250.000000 850.000000 -0.100000 0.000000
3350.000000 850.000000 -0.100000 0.000000
3450.000000 850.000000 -0.100000 0.000000
3550.000000 850.000000 -0.100000 0.000000
3650.000000 850.000000 -0.100000 0.000000
3750.000000 850.000000 -0.100000 0.000000
3850.000000 850.000000 -0.100000 0.000000
3950.000000 850.000000 -0.100000 0.000000
50.000000 950.000000 -0.100000 0.000000
150.000000 950.000000 -0.100000 0.000000
250.000000 950.000000 -0.100000 0.000000
350.000000 950.000000 -0.100000 0.000000
450.000000 950.000000 -0.100000 0.000000
550.000000 950.000000 -0.100000 0.000000
650.000000 950.000000 -0.100000 0.000000
750.000000 950.000000 -0.100000 0.000000
850.000000 950.000000 -0.100000 0.000000
950.000000 950.000000 -0.100000 0.000000
1050.000000 950.000000 -0.100000 0.000000
1150.000000 950.000000 -0.100000 0.000000
1250.000000 950.000000 -0.100000 0.000000
1350.000000 950.000000 -0.100000 0.000000
1450.000000 950.000000 -0.100000 0.000000
1550.000000 950.000000 -0.100000 0.000000
1650.000000 950.000000 -0.100000 0.000000
1750.000000 950.000000 -0.100000 0.000000
1850.000000 950.000000 -0.100000 0.000000
1950.000000 950.000000 -0.100000 0.000000
2050.000000 950.000000 -0.100000 0.000000
2150.000000 950.000000 -0.100000 0.000000
2250.000000 950.000000 -0.100000 0.000000
2350.000000 950.000000 -0.100000 0.000000
2450.000000 950.000000 -0.100000 0.000000
2550.000000 950.000000 -0.100000 0.000000
2650.000000 950.000000 -0.100000 0.000000
2750.000000 950.000000 -0.100000 0.000000
2850.000000 950.000000 -0.100000 0.000000
2950.000000 950.000000 -0.100000 0.000000
3050.000000 950.000000 -0.100000 0.000000
3150.000000 950.000000 -0.100000 0.000000
3250.000000 950.000000 -0.100000 0.000000
3350.000000 950.000000 -0.100000 0.000000
3450.000000 950.000000 -0.100000 0.000000
3550.000000 950.000000 -0.100000 0.000000
3650.000000 950.000000 -0.100000 0.000000
3750.000000 950.000000 -0.100000 0.000000
3850.000000 950.000000 -0.100000 0.000000
3950.000000 950.000000 -0.100000 0.000000
50.000000 1050.000000 -0.100000 0.000000
150.000000 1050.000000 -0.100000 0.000000
250.000000 1050.000000 -0.100000 0.000000
350.000000 1050.000000 -0.100000 0.000000
450.000000 1050.000000 -0.100000 0.000000
550.000000 1050.000000 -0.100000 0.000000
650.000000 1050.000000 -0.100000 0.000000
750.000000 1050.000000 -0.100000 0.000000
850.000000 1050.000000 -0.100000 0.000000
950.000000 1050.000000 -0.100000 0.000000
1050.000000 1050.000000 -0.100000 0.000000
1150.000000 1050.000000 -0.100000 0.000000
1250.000000 1050.000000 -0.100000 0.000000
1350.000000 1050.000000 -0.100000 0.000000
1450.000000 1050.000000 -0.100000 0.000000
1550.000000 1050.000000 -0.100000 0.000000
1650.000000 1050.000000 -0.100000 0.000000
1750.000000 1050.000000 -0.100000 0.000000
1850.000000 1050.000000 -0.100000 0.000000
1950.000000 1050.000000 -0.100000 0.000000
2050.000000 1050.000000 -0.100000 0.000000
2150.000000 1050.000000 -0.100000 0.000000
2250.000000 1050.000000 -0.100000 0.000000
2350.000000 1050.000000 -0.100000 0.000000
2450.000000 1050.000000 -0.100000 0.000000
2550.000000 1050.000000 -0.100000 0.000000
2650.000000 1050.000000 -0.100000 0.000000
2750.000000 1050.000000 -0.100000 0.000000
2850.000000 1050.000000 -0.100000 0.000000
2950.000000 1050.000000 -0.100000 0.000000
3050.000000 1050.000000 -0.100000 0.000000
3150.000000 1050.000000 -0.100000 0.000000
3250.000000 1050.000000 -0.100000 0.000000
3350.000000 1050.000000 -0.100000 0.000000
3450.000000 1050.000000 -0.100000 0.000000
3550.000000 1050.000000 -0.100000 0.000000
3650.000000 1050.000000 -0.100000 0.000000
3750.000000 1050.000000 -0.100000 0.000000
3850.000000 1050.000000 -0.100000 0.000000
3950.000000 1050.000000 -0.100000 0.000000
50.000000 1150.000000 -0.100000 0.000000
150.000000 1150.000000 -0.100000 0.000000
250.000000 1150.000000 -0.100000 0.000000
350.000000 1150.000000 -0.100000 0.000000
450.000000 1150.000000 -0.100000 0.000000
550.000000 1150.000000 -0.100000 0.000000
650.000000 1150.000000 -0.100000 0.000000
750.000000 1150.000000 -0.100000 0.000000
850.000000 1150.000000 -0.100000 0.000000
950.000000 1150.000000 -0.100000 0.000000
1050.000000 1150.000000 -0.100000 0.000000
1150.000000 1150.000000 -0.100000 0.000000
1250.000000 1150.000000 -0.100000 0.000000
1350.000000 1150.000000 -0.100000 0.000000
1450.000000 1150.000000 -0.100000 0.000000
1550.000000 1150.000000 -0.100000 0.000000
1650.000000 1150.000000 -0.100000 0.000000
1750.000000 1150.000000 -0.100000 0.000000
1850.000000 1150.000000 -0.100000 0.000000
1950.000000 1150.000000 -0.100000 0.000000
2050.000000 1150.000000 -0.100000 0.000000
2150.000000 1150.000000 -0.100000 0.000000
2250.000000 1150.000000 -0.100000 0.000000
2350.000000 1150.000000 -0.100000 0.000000
2450.000000 1150.000000 -0.100000 0.000000
2550.000000 1150.000000 -0.100000 0.000000
2650.000000 1150.000000 -0.100000 0.000000
2750.000000 1150.000000 -0.100000 0.000000
2850.000000 1150.000000 -0.100000 0.000000
2950.000000 1150.000000 -0.100000 0.000000
3050.000000 1150.000000 -0.100000 0.000000
3150.000000 1150.000000 -0.100000 0.000000
3250.000000 1150.000000 -0.100000 0.000000
3350.000000 1150.000000 -0.100000 0.000000
3450.000000 1150.000000 -0.100000 0.000000
3550.000000 1150.000000 -0.100000 0.000000
3650.000000 1150.000000 -0.100000 0.000000
3750.000000 1150.000000 -0.100000 0.000000
3850.000000 1150.000000 -0.100000 0.000000
3950.000000 1150.000000 -0.100000 0.000000
50.000000 1250.000000 -0.100000 0.000000
150.000000 1250.000000 -0.100000 0.000000
250.000000 1250.000000 -0.100000 0.000000
350.000000 1250.000000 -0.100000 0.000000
450.000000 1250.000000 -0.100000 0.000000
550.000000 1250.000000 -0.100000 0.000000
650.000000 1250.000000 -0.100000 0.000000
750.000000 1250.000000 -0.100000 0.000000
850.000000 1250.000000 -0.100000 0.000000
950.000000 1250.000000 -0.100000 0.000000
1050.000000 1250.000000 -0.100000 0.000000
1150.000000 1250.000000 -0.100000 0.000000
1250.000000 1250.000000 -0.100000 0.000000
1350.000000 1250.000000 -0.100000 0.000000
1450.000000 1250.000000 -0.100000 0.000000
1550.000000 1250.000000 -0.100000 0.000000
1650.000000 1250.000000 -0.100000 0.000000
1750.000000 1250.000000 -0.100000 0.000000
1850.000000 1250.000000 -0.100000 0.000000
1950.000000 1250.000000 -0.100000 0.000000
2050.000000 1250.000000 -0.100000 0.000000
2150.000000 1250.000000 -0.100000 0.000000
2250.000000 1250.000000 -0.100000 0.000000
2350.000000 1250.000000 -0.100000 0.000000
2450.000000 1250.000000 -0.100000 0.000000
2550.000000 1250.000000 -0.100000 0.000000
2650.000000 1250.000000 -0.100000 0.000000
2750.000000 1250.000000 -0.100000 0.000000
2850.000000 1250.000000 -0.100000 0.000000
2950.000000 1250.000000 -0.100000 0.000000
3050.000000 1250.000000 -0.100000 0.000000
3150.000000 1250.000000 -0.100000 0.000000
3250.000000 1250.000000 -0.100000 0.000000
3350.000000 1250.000000 -0.100000 0.000000
3450.000000 1250.000000 -0.100000 0.000000
3550.000000 1250.000000 -0.100000 0.000000
3650.000000 1250.000000 -0.100000 0.000000
3750.000000 1250.000000 -0.100000 0.000000
3850.000000 1250.000000 -0.100000 0.000000
3950.000000 1250.000000 -0.100000 0.000000
50.000000 1350.000000 -0.100000 0.000000
150.000000 1350.000000 -0.100000 0.000000
250.000000 1350.000000 -0.100000 0.000000
350.000000 1350.000000 -0.100000 0.000000
450.000000 1350.000000 -0.100000 0.000000
550.000000 1350.000000 -0.100000 0.000000
650.000000 1350.000000 -0.100000 0.000000
750.000000 1350.000000 -0.100000 0.000000
850.000000 1350.000000 -0.100000 0.000000
950.000000 1350.000000 -0.100000 0.000000
1050.000000 1350.000000 -0.100000 0.000000
1150.000000 1350.000000 -0.100000 0.000000
1250.000000 1350.000000 -0.100000 0.000000
1350.000000 1350.000000 -0.100000 0.000000
1450.000000 1350.000000 -0.100000 0.000000
1550.000000 1350.000000 -0.100000 0.000000
1650.000000 1350.000000 -0.100000 0.000000
1750.000000 1350.000000 -0.100000 0.000000
1850.000000 1350.000000 -0.100000 0.000000
1950.000000 1350.000000 -0.100000 0.000000
2050.000000 1350.000000 -0.100000 0.000000
2150.000000 1350.000000 -0.100000 0.000000
2250.000000 1350.000000 -0.100000 0.000000
2350.000000 1350.000000 -0.100000 0.000000
2450.000000 1350.000000 -0.100000 0.000000
2550.000000 1350.000000 -0.100000 0.000000
2650.000000 1350.000000 -0.100000 0.000000
2750.000000 1350.000000 -0.100000 0.000000
2850.000000 1350.000000 -0.100000 0.000000
2950.000000 1350.000000 -0.100000 0.000000
3050.000000 1350.000000 -0.100000 0.000000
3150.000000 1350.000000 -0.100000 0.000000
3250.000000 1350.000000 -0.100000 0.000000
3350.000000 1350.000000 -0.100000 0.000000
3450.000000 1350.000000 -0.100000 0.000000
3550.000000 1350.000000 -0.100000 0.000000
3650.000000 1350.000000 -0.100000 0.000000
3750.000000 1350.000000 -0.100000 0.000000
3850.000000 1350.000000 -0.100000 0.000000
3950.000000 1350.000000 -0.100000 0.000000
50.000000 1450.000000 -0.100000 0.000000
150.000000 1450.000000 -0.100000 0.000000
250.000000 1450.000000 -0.100000 0.000000
350.000000 1450.000000 -0.100000 0.000000
450.000000 1450.000000 -0.100000 0.000000
550.000000 1450.000000 -0.100000 0.000000
650.000000 1450.000000 -0.100000 0.000000
750.000000 1450.000000 -0.100000 0.000000
850.000000 1450.000000 -0.100000 0.000000
950.000000 1450.000000 -0.100000 0.000000
1050.000000 1450.000000 -0.100000 0.000000
1150.000000 1450.000000 -0.100000 0.000000
1250.000000 1450.000000 -0.100000 0.000000
1350.000000 1450.000000 -0.100000 0.000000
1450.000000 1450.000000 -0.100000 0.000000
1550.000000 1450.000000 -0.100000 0.000000
1650.000000 1450.000000 -0.100000 0.000000
1750.000000 1450.000000 -0.100000 0.000000
1850.000000 1450.000000 -0.100000 0.000000
1950.000000 1450.000000 -0.100000 0.000000
2050.000000 1450.000000 -0.100000 0.000000
2150.000000 1450.000000 -0.100000 0.000000
2250.000000 1450.000000 -0.100000 0.000000
2350.000000 1450.000000 -0.100000 0.000000
2450.000000 1450.000000 -0.100000 0.000000
2550.000000 1450.000000 -0.100000 0.000000
2650.000000 1450.000000 -0.100000 0.000000
2750.000000 1450.000000 -0.100000 0.000000
2850.000000 1450.000000 -0.100000 0.000000
2950.000000 1450.000000 -0.100000 0.000000
3050.000000 1450.000000 -0.100000 0.000000
3150.000000 1450.000000 -0.100000 0.000000
3250.000000 1450.000000 -0.100000 0.000000
3350.000000 1450.000000 -0.100000 0.000000
3450.000000 1450.000000 -0.100000 0.000000
3550.000000 1450.000000 -0.100000 0.000000
3650.000000 1450.000000 -0.100000 0.000000
3750.000000 1450.000000 -0.100000 0.000000
3850.000000 1450.000000 -0.100000 0.000000
3950.000000 1450.000000 -0.100000 0.000000
50.000000 1550.000000 -0.100000 0.000000
150.000000 1550.000000 -0.100000 0.000000
250.000000 1550.000000 -0.100000 0.000000
350.000000 1550.000000 -0.100000 0.000000
450.000000 1550.000000 -0.100000 0.000000
550.000000 1550.000000 -0.100000 0.000000
650.000000 1550.000000 -0.100000 0.000000
750.000000 1550.000000 -0.100000 0.000000
850.000000 1550.000000 -0.100000 0.000000
950.000000 1550.000000 -0.100000 0.000000
1050.000000 1550.000000 -0.100000 0.000000
1150.000000 1550.000000 -0.100000 0.000000
1250.000000 1550.000000 -0.100000 0.000000
1350.000000 1550.000000 -0.100000 0.000000
1450.000000 1550.000000 -0.100000 0.000000
1550.000000 1550.000000 -0.100000 0.000000
1650.000000 1550.000000 -0.100000 0.000000
1750.000000 1550.000000 -0.100000 0.000000
1850.000000 1550.000000 -0.100000 0.000000
1950.000000 1550.000000 -0.100000 0.000000
2050.000000 1550.000000 -0.100000 0.000000
2150.000000 1550.000000 -0.100000 0.000000
2250.000000 1550.000000 -0.100000 0.000000
2350.000000 1550.000000 -0.100000 0.000000
2450.000000 1550.000000 -0.100000 0.000000
2550.000000 1550.000000 -0.100000 0.000000
2650.000000 1550.000000 -0.100000 0.000000
2750.000000 1550.000000 -0.100000 0.000000
2850.000000 1550.000000 -0.100000 0.000000
2950.000000 1550.000000 -0.100000 0.000000
3050.000000 1550.000000 -0.100000 0.000000
3150.000000 1550.000000 -0.100000 0.000000
3250.000000 1550.000000 -0.100000 0.000000
3350.000000 1550.000000 -0.100000 0.000000
3450.000000 1550.000000 -0.100000 0.000000
3550.000000 1550.000000 -0.100000 0.000000
3650.000000 1550.000000 -0.100000 0.000000
3750.000000 1550.000000 -0.100000 0.000000
3850.000000 1550.000000 -0.100000 0.000000
3950.000000 1550.000000 -0.100000 0.000000
50.000000 1650.000000 -0.100000 0.000000
150.000000 1650.000000 -0.100000 0.000000
250.000000 1650.000000 -0.100000 0.000000
350.000000 1650.000000 -0.100000 0.000000
450.000000 1650.000000 -0.100000 0.000000
550.000000 1650.000000 -0.100000 0.000000
650.000000 1650.000000 -0.100000 0.000000
750.000000 1650.000000 -0.100000 0.000000
850.000000 1650.000000 -0.100000 0.000000
950.000000 1650.000000 -0.100000 0.000000
1050.000000 1650.000000 -0.100000 0.000000
1150.000000 1650.000000 -0.100000 0.000000
1250.000000 1650.000000 -0.100000 0.000000
1350.000000 1650.000000 -0.100000 0.000000
1450.000000 1650.000000 -0.100000 0.000000
1550.000000 1650.000000 -0.100000 0.000000
1650.000000 1650.000000 -0.100000 0.000000
1750.000000 1650.000000 -0.100000 0.000000
1850.000000 1650.000000 -0.100000 0.000000
1950.000000 1650.000000 -0.100000 0.000000
2050.000000 1650.000000 -0.100000 0.000000
2150.000000 1650.000000 -0.100000 0.000000
2250.000000 1650.000000 -0.100000 0.000000
2350.000000 1650.000000 -0.100000 0.000000
2450.000000 1650.000000 -0.100000 0.000000
2550.000000 1650.000000 -0.100000 0.000000
2650.000000 1650.000000 -0.100000 0.000000
2750.000000 1650.000000 -0.100000 0.000000
2850.000000 1650.000000 -0.100000 0.000000
2950.000000 1650.000000 -0.100000 0.000000
3050.000000 1650.000000 -0.100000 0.000000
3150.000000 1650.000000 -0.100000 0.000000
3250.000000 1650.000000 -0.100000 0.000000
3350.000000 1650.000000 -0.100000 0.000000
3450.000000 1650.000000 -0.100000 0.000000
3550.000000 1650.000000 -0.100000 0.000000
3650.000000 1650.000000 -0.100000 0.000000
3750.000000 1650.000000 -0.100000 0.000000
3850.000000 1650.000000 -0.100000 0.000000
3950.000000 1650.000000 -0.100000 0.000000
50.000000 1750.000000 -0.100000 0.000000
150.000000 1750.000000 -0.100000 0.000000
250.000000 1750.000000 -0.100000 0.000000
350.000000 1750.000000 -0.100000 0.000000
450.000000 1750.000000 -0.100000 0.000000
550.000000 1750.000000 -0.100000 0.000000
650.000000 1750.000000 -0.100000 0.000000
750.000000 1750.000000 -0.100000 0.000000
850.000000 1750.000000 -0.100000 0.000000
950.000000 1750.000000 -0.100000 0.000000
1050.000000 1750.000000 -0.100000 0.000000
1150.000000 1750.000000 -0.100000 0.000000
1250.000000 1750.000000 -0.100000 0.000000
1350.000000 1750.000000 -0.100000 0.000000
1450.000000 1750.000000 -0.100000 0.000000
1550.000000 1750.000000 -0.100000 0.000000
1650.000000 1750.000000 -0.100000 0.000000
1750.000000 1750.000000 -0.100000 0.000000
1850.000000 1750.000000 -0.100000 0.000000
1950.000000 1750.000000 -0.100000 0.000000
2050.000000 1750.000000 -0.100000 0.000000
2150.000000 1750.000000 -0.100000 0.000000
2250.000000 1750.000000 -0.100000 0.000000
2350.000000 1750.000000 -0.100000 0.000000
2450.000000 1750.000000 -0.100000 0.000000
2550.000000 1750.000000 -0.100000 0.000000
2650.000000 1750.000000 -0.100000 0.000000
2750.000000 1750.000000 -0.100000 0.000000
2850.000000 1750.000000 -0.100000 0.000000
2950.000000 1750.000000 -0.100000 0.000000
3050.000000 1750.000000 -0.100000 0.000000
3150.000000 1750.000000 -0.100000 0.000000
3250.000000 1750.000000 -0.100000 0.000000
3350.000000 1750.000000 -0.100000 0.000000
3450.000000 1750.000000 -0.100000 0.000000
3550.000000 1750.000000 -0.100000 0.000000
3650.000000 1750.000000 -0.100000 0.000000
3750.000000 1750.000000 -0.100000 0.000000
3850.000000 1750.000000 -0.100000 0.000000
3950.000000 1750.000000 -0.100000 0.000000
50.000000 1850.000000 -0.100000 0.000000
150.000000 1850.000000 -0.100000 0.000000
250.000000 1850.000000 -0.100000 0.000000
350.000000 1850.000000 -0.100000 0.000000
450.000000 1850.000000 -0.100000 0.000000
550.000000 1850.000000 -0.100000 0.000000
650.000000 1850.000000 -0.100000 0.000000
750.000000 1850.000000 -0.100000 0.000000
850.000000 1850.000000 -0.100000 0.000000
950.000000 1850.000000 -0.100000 0.000000
1050.000000 1850.000000 -0.100000 0.000000
1150.000000 1850.000000 -0.100000 0.000000
1250.000000 1850.000000 -0.100000 0.000000
1350.000000 1850.000000 -0.100000 0.000000
1450.000000 1850.000000 -0.100000 0.000000
1550.000000 1850.000000 -0.100000 0.000000
1650.000000 1850.000000 -0.100000 0.000000
1750.000000 1850.000000 -0.100000 0.000000
1850.000000 1850.000000 -0.100000 0.000000
1950.000000 1850.000000 -0.100000 0.000000
2050.000000 1850.000000 -0.100000 0.000000
2150.000000 1850.000000 -0.100000 0.000000
2250.000000 1850.000000 -0.100000 0.000000
2350.000000 1850.000000 -0.100000 0.000000
2450.000000 1850.000000 -0.100000 0.000000
2550.000000 1850.000000 -0.100000 0.000000
2650.000000 1850.000000 -0.100000 0.000000
2750.000000 1850.000000 -0.100000 0.000000
2850.000000 1850.000000 -0.100000 0.000000
2950.000000 1850.000000 -0.100000 0.000000
3050.000000 1850.000000 -0.100000 0.000000
3150.000000 1850.000000 -0.100000 0.000000
3250.000000 1850.000000 -0.100000 0.000000
3350.000000 1850.000000 -0.100000 0.000000
3450.000000 1850.000000 -0.100000 0.000000
3550.000000 1850.000000 -0.100000 0.000000
3650.000000 1850.000000 -0.100000 0.000000
3750.000000 1850.000000 -0.100000 0.000000
3850.000000 1850.000000 -0.100000 0.000000
3950.000000 1850.000000 -0.100000 0.000000
50.000000 1950.000000 -0.100000 0.000000
150.000000 1950.000000 -0.100000 0.000000
250.000000 1950.000000 -0.100000 0.000000
350.000000 1950.000000 -0.100000 0.000000
450.000000 1950.000000 -0.100000 0.000000
550.000000 1950.000000 -0.100000 0.000000
650.000000 1950.000000 -0.100000 0.000000
750.000000 1950.000000 -0.100000 0.000000
850.000000 1950.000000 -0.100000 0.000000
950.000000 1950.000000 -0.100000 0.000000
1050.000000 1950.000000 -0.100000 0.000000
1150.000000 1950.000000 -0.100000 0.000000
1250.000000 1950.000000 -0.100000 0.000000
1350.000000 1950.000000 -0.100000 0.000000
1450.000000 1950.000000 -0.100000 0.000000
1550.000000 1950.000000 -0.100000 0.000000
1650.000000 1950.000000 -0.100000 0.000000
1750.000000 1950.000000 -0.100000 0.000000
1850.000000 1950.000000 -0.100000 0.000000
1950.000000 1950.000000 -0.100000 0.000000
2050.000000 1950.000000 -0.100000 0.000000
2150.000000 1950.000000 -0.100000 0.000000
2250.000000 1950.000000 -0.100000 0.000000
2350.000000 1950.000000 -0.100000 0.000000
2450.000000 1950.000000 -0.100000 0.000000
2550.000000 1950.000000 -0.100000 0.000000
2650.000000 1950.000000 -0.100000 0.000000
2750.000000 1950.000000 -0.100000 0.000000
2850.000000 1950.000000 -0.100000 0.000000
2950.000000 1950.000000 -0.100000 0.000000
3050.000000 1950.000000 -0.100000 0.000000
3150.000000 1950.000000 -0.100000 0.000000
3250.000000 1950.000000 -0.100000 0.000000
3350.000000 1950.000000 -0.100000 0.000000
3450.000000 1950.000000 -0.100000 0.000000
3550.000000 1950.000000 -0.100000 0.000000
3650.000000 1950.000000 -0.100000 0.000000
3750.000000 1950.000000 -0.100000 0.000000
3850.000000 1950.000000 -0.100000 0.000000
3950.000000 1950.000000 -0.100000 0.000000
50.000000 2050.000000 -0.100000 0.000000
150.000000 2050.000000 -0.100000 0.000000
250.000000 2050.000000 -0.100000 0.000000
350.000000 2050.000000 -0.100000 0.000000
450.000000 2050.000000 -0.100000 0.000000
550.000000 2050.000000 -0.100000 0.000000
650.000000 2050.000000 -0.100000 0.000000
750.000000 2050.000000 -0.100000 0.000000
850.000000 2050.000000 -0.100000 0.000000
950.000000 2050.000000 -0.100000 0.000000
1050.000000 2050.000000 -0.100000 0.000000
1150.000000 2050.000000 -0.100000 0.000000
1250.000000 2050.000000 -0.100000 0.000000
1350.000000 2050.000000 -0.100000 0.000000
1450.000000 2050.000000 -0.100000 0.000000
1550.000000 2050.000000 -0.100000 0.000000
1650.000000 2050.000000 -0.100000 0.000000
1750.000000 2050.000000 -0.100000 0.000000
1850.000000 2050.000000 -0.100000 0.000000
1950.000000 2050.000000 -0.100000 0.000000
2050.000000 2050.000000 -0.100000 0.000000
2150.000000 2050.000000 -0.100000 0.000000
2250.000000 2050.000000 -0.100000 0.000000
2350.000000 2050.000000 -0.100000 0.000000
2450.000000 2050.000000 -0.100000 0.000000
2550.000000 2050.000000 -0.100000 0.000000
2650.000000 2050.000000 -0.100000 0.000000
2750.000000 2050.000000 -0.100000 0.000000
2850.000000 2050.000000 -0.100000 0.000000
2950.000000 2050.000000 -0.100000 0.000000
3050.000000 2050.000000 -0.100000 0.000000
3150.000000 2050.000000 -0.100000 0.000000
3250.000000 2050.000000 -0.100000 0.000000
3350.000000 2050.000000 -0.100000 0.000000
3450.000000 2050.000000 -0.100000 0.000000
3550.000000 2050.000000 -0.100000 0.000000
3650.000000 2050.000000 -0.100000 0.000000
3750.000000 2050.000000 -0.100000 0.000000
3850.000000 2050.000000 -0.100000 0.000000
3950.000000 2050.000000 -0.100000 0.000000
50.000000 2150.000000 -0.100000 0.000000
150.000000 2150.000000 -0.100000 0.000000
250.000000 2150.000000 -0.100000 0.000000
350.000000 2150.000000 -0.100000 0.000000
450.000000 2150.000000 -0.100000 0.000000
550.000000 2150.000000 -0.100000 0.000000
650.000000 2150.000000 -0.100000 0.000000
750.000000 2150.000000 -0.100000 0.000000
850.000000 2150.000000 -0.100000 0.000000
950.000000 2150.000000 -0.100000 0.000000
1050.000000 2150.000000 -0.100000 0.000000
1150.000000 2150.000000 -0.100000 0.000000
1250.000000 2150.000000 -0.100000 0.000000
1350.000000 2150.000000 -0.100000 0.000000
1450.000000 2150.000000 -0.100000 0.000000
1550.000000 2150.000000 -0.100000 0.000000
1650.000000 2150.000000 -0.100000 0.000000
1750.000000 2150.000000 -0.100000 0.000000
1850.000000 2150.000000 -0.100000 0.000000
1950.000000 2150.000000 -0.100000 0.000000
2050.000000 2150.000000 -0.100000 0.000000
2150.000000 2150.000000 -0.100000 0.000000
2250.000000 2150.000000 -0.100000 0.000000
2350.000000 2150.000000 -0.100000 0.000000
2450.000000 2150.000000 -0.100000 0.000000
2550.000000 2150.000000 -0.100000 0.000000
2650.000000 2150.000000 -0.100000 0.000000
2750.000000 2150.000000 -0.100000 0.000000
2850.000000 2150.000000 -0.100000 0.000000
2950.000000 2150.000000 -0.100000 0.000000
3050.000000 2150.000000 -0.100000 0.000000
3150.000000 2150.000000 -0.100000 0.000000
3250.000000 2150.000000 -0.100000 0.000000
3350.000000 2150.000000 -0.100000 0.000000
3450.000000 2150.000000 -0.100000 0.000000
3550.000000 2150.000000 -0.100000 0.000000
3650.000000 2150.000000 -0.100000 0.000000
3750.000000 2150.000000 -0.100000 0.000000
3850.000000 2150.000000 -0.100000 0.000000
3950.000000 2150.000000 -0.100000 0.000000
50.000000 2250.000000 -0.100000 0.000000
150.000000 2250.000000 -0.100000 0.000000
250.000000 2250.000000 -0.100000 0.000000
350.000000 2250.000000 -0.100000 0.000000
450.000000 2250.000000 -0.100000 0.000000
550.000000 2250.000000 -0.100000 0.000000
650.000000 2250.000000 -0.100000 0.000000
750.000000 2250.000000 -0.100000 0.000000
850.000000 2250.000000 -0.100000 0.000000
950.000000 2250.000000 -0.100000 0.000000
1050.000000 2250.000000 -0.100000 0.000000
1150.000000 2250.000000 -0.100000 0.000000
1250.000000 2250.000000 -0.100000 0.000000
1350.000000 2250.000000 -0.100000 0.000000
1450.000000 2250.000000 -0.100000 0.000000
1550.000000 2250.000000 -0.100000 0.000000
1650.000000 2250.000000 -0.100000 0.000000
1750.000000 2250.000000 -0.100000 0.000000
1850.000000 2250.000000 -0.100000 0.000000
1950.000000 2250.000000 -0.100000 0.000000
2050.000000 2250.000000 -0.100000 0.000000
2150.000000 2250.000000 -0.100000 0.000000
2250.000000 2250.000000 -0.100000 0.000000
2350.000000 2250.000000 -0.100000 0.000000
2450.000000 2250.000000 -0.100000 0.000000
2550.000000 2250.000000 -0.100000 0.000000
2650.000000 2250.000000 -0.100000 0.000000
2750.000000 2250.000000 -0.100000 0.000000
2850.000000 2250.000000 -0.100000 0.000000
2950.000000 2250.000000 -0.100000 0.000000
3050.000000 2250.000000 -0.100000 0.000000
3150.000000 2250.000000 -0.100000 0.000000
3250.000000 2250.000000 -0.100000 0.000000
3350.000000 2250.000000 -0.100000 0.000000
3450.000000 2250.000000 -0.100000 0.000000
3550.000000 2250.000000 -0.100000 0.000000
3650.000000 2250.000000 -0.100000 0.000000
3750.000000 2250.000000 -0.100000 0.000000
3850.000000 2250.000000 -0.100000 0.000000
3950.000000 2250.000000 -0.100000 0.000000
50.000000 2350.000000 -0.100000 0.000000
150.000000 2350.000000 -0.100000 0.000000
250.000000 2350.000000 -0.100000 0.000000
350.000000 2350.000000 -0.100000 0.000000
450.000000 2350.000000 -0.100000 0.000000
550.000000 2350.000000 -0.100000 0.000000
650.000000 2350.000000 -0.100000 0.000000
750.000000 2350.000000 -0.100000 0.000000
850.000000 2350.000000 -0.100000 0.000000
950.000000 2350.000000 -0.100000 0.000000
1050.000000 2350.000000 -0.100000 0.000000
1150.000000 2350.000000 -0.100000 0.000000
1250.000000 2350.000000 -0.100000 0.000000
1350.000000 2350.000000 -0.100000 0.000000
1450.000000 2350.000000 -0.100000 0.000000
1550.000000 2350.000000 -0.100000 0.000000
1650.000000 2350.000000 -0.100000 0.000000
1750.000000 2350.000000 -0.100000 0.000000
1850.000000 2350.000000 -0.100000 0.000000
1950.000000 2350.000000 -0.100000 0.000000
2050.000000 2350.000000 -0.100000 0.000000
2150.000000 2350.000000 -0.100000 0.000000
2250.000000 2350.000000 -0.100000 0.000000
2350.000000 2350.000000 -0.100000 0.000000
2450.000000 2350.000000 -0.100000 0.000000
2550.000000 2350.000000 -0.100000 0.000000
2650.000000 2350.000000 -0.100000 0.000000
2750.000000 2350.000000 -0.100000 0.000000
2850.000000 2350.000000 -0.100000 0.000000
2950.000000 2350.000000 -0.100000 0.000000
3050.000000 2350.000000 -0.100000 0.000000
3150.000000 2350.000000 -0.100000 0.000000
3250.000000 2350.000000 -0.100000 0.000000
3350.000000 2350.000000 -0.100000 0.000000
3450.000000 2350.000000 -0.100000 0.000000
3550.000000 2350.000000 -0.100000 0.000000
3650.000000 2350.000000 -0.100000 0.000000
3750.000000 2350.000000 -0.100000 0.000000
3850.000000 2350.000000 -0.100000 0.000000
3950.000000 2350.000000 -0.100000 0.000000
50.000000 2450.000000 -0.100000 0.000000
150.000000 2450.000000 -0.100000 0.000000
250.000000 2450.000000 -0.100000 0.000000
350.000000 2450.000000 -0.100000 0.000000
450.000000 2450.000000 -0.100000 0.000000
550.000000 2450.000000 -0.100000 0.000000
650.000000 2450.000000 -0.100000 0.000000
750.000000 2450.000000 -0.100000 0.000000
850.000000 2450.000000 -0.100000 0.000000
950.000000 2450.000000 -0.100000 0.000000
1050.000000 2450.000000 -0.100000 0.000000
1150.000000 2450.000000 -0.100000 0.000000
1250.000000 2450.000000 -0.100000 0.000000
1350.000000 2450.000000 -0.100000 0.000000
1450.000000 2450.000000 -0.100000 0.000000
1550.000000 2450.000000 -0.100000 0.000000
1650.000000 2450.000000 -0.100000 0.000000
1750.000000 2450.000000 -0.100000 0.000000
1850.000000 2450.000000 -0.100000 0.000000
1950.000000 2450.000000 -0.100000 0.000000
2050.000000 2450.000000 -0.100000 0.000000
2150.000000 2450.000000 -0.100000 0.000000
2250.000000 2450.000000 -0.100000 0.000000
2350.000000 2450.000000 -0.100000 0.000000
2450.000000 2450.000000 -0.100000 0.000000
2550.000000 2450.000000 -0.100000 0.000000
2650.000000 2450.000000 -0.100000 0.000000
2750.000000 2450.000000 -0.100000 0.000000
2850.000000 2450.000000 -0.100000 0.000000
2950.000000 2450.000000 -0.100000 0.000000
3050.000000 2450.000000 -0.100000 0.000000
3150.000000 2450.000000 -0.100000 0.000000
3250.000000 2450.000000 -0.100000 0.000000
3350.000000 2450.000000 -0.100000 0.000000
3450.000000 2450.000000 -0.100000 0.000000
3550.000000 2450.000000 -0.100000 0.000000
3650.000000 2450.000000 -0.100000 0.000000
3750.000000 2450.000000 -0.100000 0.000000
3850.000000 2450.000000 -0.100000 0.000000
3950.000000 2450.000000 -0.100000 0.000000
50.000000 2550.000000 -0.100000 0.000000
150.000000 2550.000000 -0.100000 0.000000
250.000000 2550.000000 -0.100000 0.000000
350.000000 2550.000000 -0.100000 0.000000
450.000000 2550.000000 -0.100000 0.000000
550.000000 2550.000000 -0.100000 0.000000
650.000000 2550.000000 -0.100000 0.000000
750.000000 2550.000000 -0.100000 0.000000
850.000000 2550.000000 -0.100000 0.000000
950.000000 2550.000000 -0.100000 0.000000
1050.000000 2550.000000 -0.100000 0.000000
1150.000000 2550.000000 -0.100000 0.000000
1250.000000 2550.000000 -0.100000 0.000000
1350.000000 2550.000000 -0.100000 0.000000
1450.000000 2550.000000 -0.100000 0.000000
1550.000000 2550.000000 -0.100000 0.000000
1650.000000 2550.000000 -0.100000 0.000000
1750.000000 2550.000000 -0.100000 0.000000
1850.000000 2550.000000 -0.100000 0.000000
1950.000000 2550.000000 -0.100000 0.000000
2050.000000 2550.000000 -0.100000 0.000000
2150.000000 2550.000000 -0.100000 0.000000
2250.000000 2550.000000 -0.100000 0.000000
2350.000000 2550.000000 -0.100000 0.000000
2450.000000 2550.000000 -0.100000 0.000000
2550.000000 2550.000000 -0.100000 0.000000
2650.000000 2550.000000 -0.100000 0.000000
2750.000000 2550.000000 -0.100000 0.000000
2850.000000 2550.000000 -0.100000 0.000000
2950.000000 2550.000000 -0.100000 0.000000
3050.000000 2550.000000 -0.100000 0.000000
3150.000000 2550.000000 -0.100000 0.000000
3250.000000 2550.000000 -0.100000 0.000000
3350.000000 2550.000000 -0.100000 0.000000
3450.000000 2550.000000 -0.100000 0.000000
3550.000000 2550.000000 -0.100000 0.000000
3650.000000 2550.000000 -0.100000 0.000000
3750.000000 2550.000000 -0.100000 0.000000
3850.000000 2550.000000 -0.100000 0.000000
3950.000000 2550.000000 -0.100000 0.000000
50.000000 2650.000000 -0.100000 0.000000
150.000000 2650.000000 -0.100000 0.000000
250.000000 2650.000000 -0.100000 0.000000
350.000000 2650.000000 -0.100000 0.000000
450.000000 2650.000000 -0.100000 0.000000
550.000000 2650.000000 -0.100000 0.000000
650.000000 2650.000000 -0.100000 0.000000
750.000000 2650.000000 -0.100000 0.000000
850.000000 2650.000000 -0.100000 0.000000
950.000000 2650.000000 -0.100000 0.000000
1050.000000 2650.000000 -0.100000 0.000000
1150.000000 2650.000000 -0.100000 0.000000
1250.000000 2650.000000 -0.100000 0.000000
1350.000000 2650.000000 -0.100000 0.000000
1450.000000 2650.000000 -0.100000 0.000000
1550.000000 2650.000000 -0.100000 0.000000
1650.000000 2650.000000 -0.100000 0.000000
1750.000000 2650.000000 -0.100000 0.000000
1850.000000 2650.000000 -0.100000 0.000000
1950.000000 2650.000000 -0.100000 0.000000
2050.000000 2650.000000 -0.100000 0.000000
2150.000000 2650.000000 -0.100000 0.000000
2250.000000 2650.000000 -0.100000 0.000000
2350.000000 2650.000000 -0.100000 0.000000
2450.000000 2650.000000 -0.100000 0.000000
2550.000000 2650.000000 -0.100000 0.000000
2650.000000 2650.000000 -0.100000 0.000000
2750.000000 2650.000000 -0.100000 0.000000
2850.000000 2650.000000 -0.100000 0.000000
2950.000000 2650.000000 -0.100000 0.000000
3050.000000 2650.000000 -0.100000 0.000000
3150.000000 2650.000000 -0.100000 0.000000
3250.000000 2650.000000 -0.100000 0.000000
3350.000000 2650.000000 -0.100000 0.000000
3450.000000 2650.000000 -0.100000 0.000000
3550.000000 2650.000000 -0.100000 0.000000
3650.000000 2650.000000 -0.100000 0.000000
3750.000000 2650.000000 -0.100000 0.000000
3850.000000 2650.000000 -0.100000 0.000000
3950.000000 2650.000000 -0.100000 0.000000
50.000000 2750.000000 -0.100000 0.000000
150.000000 2750.000000 -0.100000 0.000000
250.000000 2750.000000 -0.100000 0.000000
350.000000 2750.000000 -0.100000 0.000000
450.000000 2750.000000 -0.100000 0.000000
550.000000 2750.000000 -0.100000 0.000000
650.000000 2750.000000 -0.100000 0.000000
750.000000 2750.000000 -0.100000 0.000000
850.000000 2750.000000 -0.100000 0.000000
950.000000 2750.000000 -0.100000 0.000000
1050.000000 2750.000000 -0.100000 0.000000
1150.000000 2750.000000 -0.100000 0.000000
1250.000000 2750.000000 -0.100000 0.000000
1350.000000 2750.000000 -0.100000 0.000000
1450.000000 2750.000000 -0.100000 0.000000
1550.000000 2750.000000 -0.100000 0.000000
1650.000000 2750.000000 -0.100000 0.000000
1750.000000 2750.000000 -0.100000 0.000000
1850.000000 2750.000000 -0.100000 0.000000
1950.000000 2750.000000 -0.100000 0.000000
2050.000000 2750.000000 -0.100000 0.000000
2150.000000 2750.000000 -0.100000 0.000000
2250.000000 2750.000000 -0.100000 0.000000
2350.000000 2750.000000 -0.100000 0.000000
2450.000000 2750.000000 -0.100000 0.000000
2550.000000 2750.000000 -0.100000 0.000000
2650.000000 2750.000000 -0.100000 0.000000
2750.000000 2750.000000 -0.100000 0.000000
2850.000000 2750.000000 -0.100000 0.000000
2950.000000 2750.000000 -0.100000 0.000000
3050.000000 2750.000000 -0.100000 0.000000
3150.000000 2750.000000 -0.100000 0.000000
3250.000000 2750.000000 -0.100000 0.000000
3350.000000 2750.000000 -0.100000 0.000000
3450.000000 2750.000000 -0.100000 0.000000
3550.000000 2750.000000 -0.100000 0.000000
3650.000000 2750.000000 -0.100000 0.000000
3750.000000 2750.000000 -0.100000 0.000000
3850.000000 2750.000000 -0.100000 0.000000
3950.000000 2750.000000 -0.100000 0.000000
50.000000 2850.000000 -0.100000 0.000000
150.000000 2850.000000 -0.100000 0.000000
250.000000 2850.000000 -0.100000 0.000000
350.000000 2850.000000 -0.100000 0.000000
450.000000 2850.000000 -0.100000 0.000000
550.000000 2850.000000 -0.100000 0.000000
650.000000 2850.000000 -0.100000 0.000000
750.000000 2850.000000 -0.100000 0.000000
850.000000 2850.000000 -0.100000 0.000000
950.000000 2850.000000 -0.100000 0.000000
1050.000000 2850.000000 -0.100000 0.000000
1150.000000 2850.000000 -0.100000 0.000000
1250.000000 2850.000000 -0.100000 0.000000
1350.000000 2850.000000 -0.100000 0.000000
1450.000000 2850.000000 -0.100000 0.000000
1550.000000 2850.000000 -0.100000 0.000000
1650.000000 2850.000000 -0.100000 0.000000
1750.000000 2850.000000 -0.100000 0.000000
1850.000000 2850.000000 -0.100000 0.000000
1950.000000 2850.000000 -0.100000 0.000000
2050.000000 2850.000000 -0.100000 0.000000
2150.000000 2850.000000 -0.100000 0.000000
2250.000000 2850.000000 -0.100000 0.000000
2350.000000 2850.000000 -0.100000 0.000000
2450.000000 2850.000000 -0.100000 0.000000
2550.000000 2850.000000 -0.100000 0.000000
2650.000000 2850.000000 -0.100000 0.000000
2750.000000 2850.000000 -0.100000 0.000000
2850.000000 2850.000000 -0.100000 0.000000
2950.000000 2850.000000 -0.100000 0.000000
3050.000000 2850.000000 -0.100000 0.000000
3150.000000 2850.000000 -0.100000 0.000000
3250.000000 2850.000000 -0.100000 0.000000
3350.000000 2850.000000 -0.100000 0.000000
3450.000000 2850.000000 -0.100000 0.000000
3550.000000 2850.000000 -0.100000 0.000000
3650.000000 2850.000000 -0.100000 0.000000
3750.000000 2850.000000 -0.100000 0.000000
3850.000000 2850.000000 -0.100000 0.000000
3950.000000 2850.000000 -0.100000 0.000000
50.000000 2950.000000 -0.100000 0.000000
150.000000 2950.000000 -0.100000 0.000000
250.000000 2950.000000 -0.100000 0.000000
350.000000 2950.000000 -0.100000 0.000000
450.000000 2950.000000 -0.100000 0.000000
550.000000 2950.000000 -0.100000 0.000000
650.000000 2950.000000 -0.100000 0.000000
750.000000 2950.000000 -0.100000 0.000000
850.000000 2950.000000 -0.100000 0.000000
950.000000 2950.000000 -0.100000 0.000000
1050.000000 2950.000000 -0.100000 0.000000
1150.000000 2950.000000 -0.100000 0.000000
1250.000000 2950.000000 -0.100000 0.000000
1350.000000 2950.000000 -0.100000 0.000000
1450.000000 2950.000000 -0.100000 0.000000
1550.000000 2950.000000 -0.100000 0.000000
1650.000000 2950.000000 -0.100000 0.000000
1750.000000 2950.000000 -0.100000 0.000000
1850.000000 2950.000000 -0.100000 0.000000
1950.000000 2950.000000 -0.100000 0.000000
2050.000000 2950.000000 -0.100000 0.000000
2150.000000 2950.000000 -0.100000 0.000000
2250.000000 2950.000000 -0.100000 0.000000
2350.000000 2950.000000 -0.100000 0.000000
2450.000000 2950.000000 -0.100000 0.000000
2550.000000 2950.000000 -0.100000 0.000000
2650.000000 2950.000000 -0.100000 0.000000
2750.000000 2950.000000 -0.100000 0.000000
2850.000000 2950.000000 -0.100000 0.000000
2950.000000 2950.000000 -0.100000 0.000000
3050.000000 2950.000000 -0.100000 0.000000
3150.000000 2950.000000 -0.100000 0.000000
3250.000000 2950.000000 -0.100000 0.000000
3350.000000 2950.000000 -0.100000 0.000000
3450.000000 2950.000000 -0.100000 0.000000
3550.000000 2950.000000 -0.100000 0.000000
3650.000000 2950.000000 -0.100000 0.000000
3750.000000 2950.000000 -0.100000 0.000000
3850.000000 2950.000000 -0.100000 0.000000
3950.000000 2950.000000 -0.100000 0.000000
50.000000 3050.000000 -0.100000 0.000000
150.000000 3050.000000 -0.100000 0.000000
250.000000 3050.000000 -0.100000 0.000000
350.000000 3050.000000 -0.100000 0.000000
450.000000 3050.000000 -0.100000 0.000000
550.000000 3050.000000 -0.100000 0.000000
650.000000 3050.000000 -0.100000 0.000000
750.000000 3050.000000 -0.100000 0.000000
850.000000 3050.000000 -0.100000 0.000000
950.000000 3050.000000 -0.100000 0.000000
1050.000000 3050.000000 -0.100000 0.000000
1150.000000 3050.000000 -0.100000 0.000000
1250.000000 3050.000000 -0.100000 0.000000
1350.000000 3050.000000 -0.100000 0.000000
1450.000000 3050.000000 -0.100000 0.000000
1550.000000 3050.000000 -0.100000 0.000000
1650.000000 3050.000000 -0.100000 0.000000
1750.000000 3050.000000 -0.100000 0.000000
1850.000000 3050.000000 -0.100000 0.000000
1950.000000 3050.000000 -0.100000 0.000000
2050.000000 3050.000000 -0.100000 0.000000
2150.000000 3050.000000 -0.100000 0.000000
2250.000000 3050.000000 -0.100000 0.000000
2350.000000 3050.000000 -0.100000 0.000000
2450.000000 3050.000000 -0.100000 0.000000
2550.000000 3050.000000 -0.100000 0.000000
2650.000000 3050.000000 -0.100000 0.000000
2750.000000 3050.000000 -0.100000 0.000000
2850.000000 3050.000000 -0.100000 0.000000
2950.000000 3050.000000 -0.100000 0.000000
3050.000000 3050.000000 -0.100000 0.000000
3150.000000 3050.000000 -0.100000 0.000000
3250.000000 3050.000000 -0.100000 0.000000
3350.000000 3050.000000 -0.100000 0.000000
3450.000000 3050.000000 -0.100000 0.000000
3550.000000 3050.000000 -0.100000 0.000000
3650.000000 3050.000000 -0.100000 0.000000
3750.000000 3050.000000 -0.100000 0.000000
3850.000000 3050.000000 -0.100000 0.000000
3950.000000 3050.000000 -0.100000 0.000000
50.000000 3150.000000 -0.100000 0.000000
150.000000 3150.000000 -0.100000 0.000000
250.000000 3150.000000 -0.100000 0.000000
350.000000 3150.000000 -0.100000 0.000000
450.000000 3150.000000 -0.100000 0.000000
550.000000 3150.000000 -0.100000 0.000000
650.000000 3150.000000 -0.100000 0.000000
750.000000 3150.000000 -0.100000 0.000000
850.000000 3150.000000 -0.100000 0.000000
950.000000 3150.000000 -0.100000 0.000000
1050.000000 3150.000000 -0.100000 0.000000
1150.000000 3150.000000 -0.100000 0.000000
1250.000000 3150.000000 -0.100000 0.000000
1350.000000 3150.000000 -0.100000 0.000000
1450.000000 3150.000000 -0.100000 0.000000
1550.000000 3150.000000 -0.100000 0.000000
1650.000000 3150.000000 -0.100000 0.000000
1750.000000 3150.000000 -0.100000 0.000000
1850.000000 3150.000000 -0.100000 0.000000
1950.000000 3150.000000 -0.100000 0.000000
2050.000000 3150.000000 -0.100000 0.000000
2150.000000 3150.000000 -0.100000 0.000000
2250.000000 3150.000000 -0.100000 0.000000
2350.000000 3150.000000 -0.100000 0.000000
2450.000000 3150.000000 -0.100000 0.000000
2550.000000 3150.000000 -0.100000 0.000000
2650.000000 3150.000000 -0.100000 0.000000
2750.000000 3150.000000 -0.100000 0.000000
2850.000000 3150.000000 -0.100000 0.000000
2950.000000 3150.000000 -0.100000 0.000000
3050.000000 3150.000000 -0.100000 0.000000
3150.000000 3150.000000 -0.100000 0.000000
3250.000000 3150.000000 -0.100000 0.000000
3350.000000 3150.000000 -0.100000 0.000000
3450.000000 3150.000000 -0.100000 0.000000
3550.000000 3150.000000 -0.100000 0.000000
3650.000000 3150.000000 -0.100000 0.000000
3750.000000 3150.000000 -0.100000 0.000000
3850.000000 3150.000000 -0.100000 0.000000
3950.000000 3150.000000 -0.100000 0.000000
50.000000 3250.000000 -0.100000 0.000000
150.000000 3250.000000 -0.100000 0.000000
250.000000 3250.000000 -0.100000 0.000000
350.000000 3250.000000 -0.100000 0.000000
450.000000 3250.000000 -0.100000 0.000000
550.000000 3250.000000 -0.100000 0.000000
650.000000 3250.000000 -0.100000 0.000000
750.000000 3250.000000 -0.100000 0.000000
850.000000 3250.000000 -0.100000 0.000000
950.000000 3250.000000 -0.100000 0.000000
1050.000000 3250.000000 -0.100000 0.000000
1150.000000 3250.000000 -0.100000 0.000000
1250.000000 3250.000000 -0.100000 0.000000
1350.000000 3250.000000 -0.100000 0.000000
1450.000000 3250.000000 -0.100000 0.000000
1550.000000 3250.000000 -0.100000 0.000000
1650.000000 3250.000000 -0.100000 0.000000
1750.000000 3250.000000 -0.100000 0.000000
1850.000000 3250.000000 -0.100000 0.000000
1950.000000 3250.000000 -0.100000 0.000000
2050.000000 3250.000000 -0.100000 0.000000
2150.000000 3250.000000 -0.100000 0.000000
2250.000000 3250.000000 -0.100000 0.000000
2350.000000 3250.000000 -0.100000 0.000000
2450.000000 3250.000000 -0.100000 0.000000
2550.000000 3250.000000 -0.100000 0.000000
2650.000000 3250.000000 -0.100000 0.000000
2750.000000 3250.000000 -0.100000 0.000000
2850.000000 3250.000000 -0.100000 0.000000
2950.000000 3250.000000 -0.100000 0.000000
3050.000000 3250.000000 -0.100000 0.000000
3150.000000 3250.000000 -0.100000 0.000000
3250.000000 3250.000000 -0.100000 0.000000
3350.000000 3250.000000 -0.100000 0.000000
3450.000000 3250.000000 -0.100000 0.000000
3550.000000 3250.000000 -0.100000 0.000000
3650.000000 3250.000000 -0.100000 0.000000
3750.000000 3250.000000 -0.100000 0.000000
3850.000000 3250.000000 -0.100000 0.000000
3950.000000 3250.000000 -0.100000 0.000000
50.000000 3350.000000 -0.100000 0.000000
150.000000 3350.000000 -0.100000 0.000000
250.000000 3350.000000 -0.100000 0.000000
350.000000 3350.000000 -0.100000 0.000000
450.000000 3350.000000 -0.100000 0.000000
550.000000 3350.000000 -0.100000 0.000000
650.000000 3350.000000 -0.100000 0.000000
750.000000 3350.000000 -0.100000 0.000000
850.000000 3350.000000 -0.100000 0.000000
950.000000 3350.000000 -0.100000 0.000000
1050.000000 3350.000000 -0.100000 0.000000
1150.000000 3350.000000 -0.100000 0.000000
1250.000000 3350.000000 -0.100000 0.000000
1350.000000 3350.000000 -0.100000 0.000000
1450.000000 3350.000000 -0.100000 0.000000
1550.000000 3350.000000 -0.100000 0.000000
1650.000000 3350.000000 -0.100000 0.000000
1750.000000 3350.000000 -0.100000 0.000000
1850.000000 3350.000000 -0.100000 0.000000
1950.000000 3350.000000 -0.100000 0.000000
2050.000000 3350.000000 -0.100000 0.000000
2150.000000 3350.000000 -0.100000 0.000000
2250.000000 3350.000000 -0.100000 0.000000
2350.000000 3350.000000 -0.100000 0.000000
2450.000000 3350.000000 -0.100000 0.000000
2550.000000 3350.000000 -0.100000 0.000000
2650.000000 3350.000000 -0.100000 0.000000
2750.000000 3350.000000 -0.100000 0.000000
2850.000000 3350.000000 -0.100000 0.000000
2950.000000 3350.000000 -0.100000 0.000000
3050.000000 3350.000000 -0.100000 0.000000
3150.000000 3350.000000 -0.100000 0.000000
3250.000000 3350.000000 -0.100000 0.000000
3350.000000 3350.000000 -0.100000 0.000000
3450.000000 3350.000000 -0.100000 0.000000
3550.000000 3350.000000 -0.100000 0.000000
3650.000000 3350.000000 -0.100000 0.000000
3750.000000 3350.000000 -0.100000 0.000000
3850.000000 3350.000000 -0.100000 0.000000
3950.000000 3350.000000 -0.100000 0.000000
50.000000 3450.000000 -0.100000 0.000000
150.000000 3450.000000 -0.100000 0.000000
250.000000 3450.000000 -0.100000 0.000000
350.000000 3450.000000 -0.100000 0.000000
450.000000 3450.000000 -0.100000 0.000000
550.000000 3450.000000 -0.100000 0.000000
650.000000 3450.000000 -0.100000 0.000000
750.000000 3450.000000 -0.100000 0.000000
850.000000 3450.000000 -0.100000 0.000000
950.000000 3450.000000 -0.100000 0.000000
1050.000000 3450.000000 -0.100000 0.000000
1150.000000 3450.000000 -0.100000 0.000000
1250.000000 3450.000000 -0.100000 0.000000
1350.000000 3450.000000 -0.100000 0.000000
1450.000000 3450.000000 -0.100000 0.000000
1550.000000 3450.000000 -0.100000 0.000000
1650.000000 3450.000000 -0.100000 0.000000
1750.000000 3450.000000 -0.100000 0.000000
1850.000000 3450.000000 -0.100000 0.000000
1950.000000 3450.000000 -0.100000 0.000000
2050.000000 3450.000000 -0.100000 0.000000
2150.000000 3450.000000 -0.100000 0.000000
2250.000000 3450.000000 -0.100000 0.000000
2350.000000 3450.000000 -0.100000 0.000000
2450.000000 3450.000000 -0.100000 0.000000
2550.000000 3450.000000 -0.100000 0.000000
2650.000000 3450.000000 -0.100000 0.000000
2750.000000 3450.000000 -0.100000 0.000000
2850.000000 3450.000000 -0.100000 0.000000
2950.000000 3450.000000 -0.100000 0.000000
3050.000000 3450.000000 -0.100000 0.000000
3150.000000 3450.000000 -0.100000 0.000000
3250.000000 3450.000000 -0.100000 0.000000
3350.000000 3450.000000 -0.100000 0.000000
3450.000000 3450.000000 -0.100000 0.000000
3550.000000 3450.000000 -0.100000 0.000000
3650.000000 3450.000000 -0.100000 0.000000
3750.000000 3450.000000 -0.100000 0.000000
3850.000000 3450.000000 -0.100000 0.000000
3950.000000 3450.000000 -0.100000 0.000000
50.000000 3550.000000 -0.100000 0.000000
150.000000 3550.000000 -0.100000 0.000000
250.000000 3550.000000 -0.100000 0.000000
350.000000 3550.000000 -0.100000 0.000000
450.000000 3550.000000 -0.100000 0.000000
550.000000 3550.000000 -0.100000 0.000000
650.000000 3550.000000 -0.100000 0.000000
750.000000 3550.000000 -0.100000 0.000000
850.000000 3550.000000 -0.100000 0.000000
950.000000 3550.000000 -0.100000 0.000000
1050.000000 3550.000000 -0.100000 0.000000
1150.000000 3550.000000 -0.100000 0.000000
1250.000000 3550.000000 -0.100000 0.000000
1350.000000 3550.000000 -0.100000 0.000000
1450.000000 3550.000000 -0.100000 0.000000
1550.000000 3550.000000 -0.100000 0.000000
1650.000000 3550.000000 -0.100000 0.000000
1750.000000 3550.000000 -0.100000 0.000000
1850.000000 3550.000000 -0.100000 0.000000
1950.000000 3550.000000 -0.100000 0.000000
2050.000000 3550.000000 -0.100000 0.000000
2150.000000 3550.000000 -0.100000 0.000000
2250.000000 3550.000000 -0.100000 0.000000
2350.000000 3550.000000 -0.100000 0.000000
2450.000000 3550.000000 -0.100000 0.000000
2550.000000 3550.000000 -0.100000 0.000000
2650.000000 3550.000000 -0.100000 0.000000
2750.000000 3550.000000 -0.100000 0.000000
2850.000000 3550.000000 -0.100000 0.000000
2950.000000 3550.000000 -0.100000 0.000000
3050.000000 3550.000000 -0.100000 0.000000
3150.000000 3550.000000 -0.100000 0.000000
3250.000000 3550.000000 -0.100000 0.000000
3350.000000 3550.000000 -0.100000 0.000000
3450.000000 3550.000000 -0.100000 0.000000
3550.000000 3550.000000 -0.100000 0.000000
3650.000000 3550.000000 -0.100000 0.000000
3750.000000 3550.000000 -0.100000 0.000000
3850.000000 3550.000000 -0.100000 0.000000
3950.000000 3550.000000 -0.100000 0.000000
50.000000 3650.000000 -0.100000 0.000000
150.000000 3650.000000 -0.100000 0.000000
250.000000 3650.000000 -0.100000 0.000000
350.000000 3650.000000 -0.100000 0.000000
450.000000 3650.000000 -0.100000 0.000000
550.000000 3650.000000 -0.100000 0.000000
650.000000 3650.000000 -0.100000 0.000000
750.000000 3650.000000 -0.100000 0.000000
850.000000 3650.000000 -0.100000 0.000000
950.000000 3650.000000 -0.100000 0.000000
1050.000000 3650.000000 -0.100000 0.000000
1150.000000 3650.000000 -0.100000 0.000000
1250.000000 3650.000000 -0.100000 0.000000
1350.000000 3650.000000 -0.100000 0.000000
1450.000000 3650.000000 -0.100000 0.000000
1550.000000 3650.000000 -0.100000 0.000000
1650.000000 3650.000000 -0.100000 0.000000
1750.000000 3650.000000 -0.100000 0.000000
1850.000000 3650.000000 -0.100000 0.000000
1950.000000 3650.000000 -0.100000 0.000000
2050.000000 3650.000000 -0.100000 0.000000
2150.000000 3650.000000 -0.100000 0.000000
2250.000000 3650.000000 -0.100000 0.000000
2350.000000 3650.000000 -0.100000 0.000000
2450.000000 3650.000000 -0.100000 0.000000
2550.000000 3650.000000 -0.100000 0.000000
2650.000000 3650.000000 -0.100000 0.000000
2750.000000 3650.000000 -0.100000 0.000000
2850.000000 3650.000000 -0.100000 0.000000
2950.000000 3650.000000 -0.100000 0.000000
3050.000000 3650.000000 -0.100000 0.000000
3150.000000 3650.000000 -0.100000 0.000000
3250.000000 3650.000000 -0.100000 0.000000
3350.000000 3650.000000 -0.100000 0.000000
3450.000000 3650.000000 -0.100000 0.000000
3550.000000 3650.000000 -0.100000 0.000000
3650.000000 3650.000000 -0.100000 0.000000
3750.000000 3650.000000 -0.100000 0.000000
3850.000000 3650.000000 -0.100000 0.000000
3950.000000 3650.000000 -0.100000 0.000000
50.000000 3750.000000 -0.100000 0.000000
150.000000 3750.000000 -0.100000 0.000000
250.000000 3750.000000 -0.100000 0.000000
350.000000 3750.000000 -0.100000 0.000000
450.000000 3750.000000 -0.100000 0.000000
550.000000 3750.000000 -0.100000 0.000000
650.000000 3750.000000 -0.100000 0.000000
750.000000 3750.000000 -0.100000 0.000000
850.000000 3750.000000 -0.100000 0.000000
950.000000 3750.000000 -0.100000 0.000000
1050.000000 3750.000000 -0.100000 0.000000
1150.000000 3750.000000 -0.100000 0.000000
1250.000000 3750.000000 -0.100000 0.000000
1350.000000 3750.000000 -0.100000 0.000000
1450.000000 3750.000000 -0.100000 0.000000
1550.000000 3750.000000 -0.100000 0.000000
1650.000000 3750.000000 -0.100000 0.000000
1750.000000 3750.000000 -0.100000 0.000000
1850.000000 3750.000000 -0.100000 0.000000
1950.000000 3750.000000 -0.100000 0.000000
2050.000000 3750.000000 -0.100000 0.000000
2150.000000 3750.000000 -0.100000 0.000000
2250.000000 3750.000000 -0.100000 0.000000
2350.000000 3750.000000 -0.100000 0.000000
2450.000000 3750.000000 -0.100000 0.000000
2550.000000 3750.000000 -0.100000 0.000000
2650.000000 3750.000000 -0.100000 0.000000
2750.000000 3750.000000 -0.100000 0.000000
2850.000000 3750.000000 -0.100000 0.000000
2950.000000 3750.000000 -0.100000 0.000000
3050.000000 3750.000000 -0.100000 0.000000
3150.000000 3750.000000 -0.100000 0.000000
3250.000000 3750.000000 -0.100000 0.000000
3350.000000 3750.000000 -0.100000 0.000000
3450.000000 3750.000000 -0.100000 0.000000
3550.000000 3750.000000 -0.100000 0.000000
3650.000000 3750.000000 -0.100000 0.000000
3750.000000 3750.000000 -0.100000 0.000000
3850.000000 3750.000000 -0.100000 0.000000
3950.000000 3750.000000 -0.100000 0.000000
50.000000 3850.000000 -0.100000 0.000000
150.000000 3850.000000 -0.100000 0.000000
250.000000 3850.000000 -0.100000 0.000000
350.000000 3850.000000 -0.100000 0.000000
450.000000 3850.000000 -0.100000 0.000000
550.000000 3850.000000 -0.100000 0.000000
650.000000 3850.000000 -0.100000 0.000000
750.000000 3850.000000 -0.100000 0.000000
850.000000 3850.000000 -0.100000 0.000000
950.000000 3850.000000 -0.100000 0.000000
1050.000000 3850.000000 -0.100000 0.000000
1150.000000 3850.000000 -0.100000 0.000000
1250.000000 3850.000000 -0.100000 0.000000
1350.000000 3850.000000 -0.100000 0.000000
1450.000000 3850.000000 -0.100000 0.000000
1550.000000 3850.000000 -0.100000 0.000000
1650.000000 3850.000000 -0.100000 0.000000
1750.000000 3850.000000 -0.100000 0.000000
1850.000000 3850.000000 -0.100000 0.000000
1950.000000 3850.000000 -0.100000 0.000000
2050.000000 3850.000000 -0.100000 0.000000
2150.000000 3850.000000 -0.100000 0.000000
2250.000000 3850.000000 -0.100000 0.000000
2350.000000 3850.000000 -0.100000 0.000000
2450.000000 3850.000000 -0.100000 0.000000
2550.000000 3850.000000 -0.100000 0.000000
2650.000000 3850.000000 -0.100000 0.000000
2750.000000 3850.000000 -0.100000 0.000000
2850.000000 3850.000000 -0.100000 0.000000
2950.000000 3850.000000 -0.100000 0.000000
3050.000000 3850.000000 -0.100000 0.000000
3150.000000 3850.000000 -0.100000 0.000000
3250.000000 3850.000000 -0.100000 0.000000
3350.000000 3850.000000 -0.100000 0.000000
3450.000000 3850.000000 -0.100000 0.000000
3550.000000 3850.000000 -0.100000 0.000000
3650.000000 3850.000000 -0.100000 0.000000
3750.000000 3850.000000 -0.100000 0.000000
3850.000000 3850.000000 -0.100000 0.000000
3950.000000 3850.000000 -0.100000 0.000000
50.000000 3950.000000 -0.100000 0.000000
150.000000 3950.000000 -0.100000 0.000000
250.000000 3950.000000 -0.100000 0.000000
350.000000 3950.000000 -0.100000 0.000000
450.000000 3950.000000 -0.100000 0.000000
550.000000 3950.000000 -0.100000 0.000000
650.000000 3950.000000 -0.100000 0.000000
750.000000 3950.000000 -0.100000 0.000000
850.000000 3950.000000 -0.100000 0.000000
950.000000 3950.000000 -0.100000 0.000000
1050.000000 3950.000000 -0.100000 0.000000
1150.000000 3950.000000 -0.100000 0.000000
1250.000000 3950.000000 -0.100000 0.000000
1350.000000 3950.000000 -0.100000 0.000000
1450.000000 3950.000000 -0.100000 0.000000
1550.000000 3950.000000 -0.100000 0.000000
1650.000000 3950.000000 -0.100000 0.000000
1750.000000 3950.000000 -0.100000 0.000000
1850.000000 3950.000000 -0.100000 0.000000
1950.000000 3950.000000 -0.100000 0.000000
2050.000000 3950.000000 -0.100000 0.000000
2150.000000 3950.000000 -0.100000 0.000000
2250.000000 3950.000000 -0.100000 0.000000
2350.000000 3950.000000 -0.100000 0.000000
2450.000000 3950.000000 -0.100000 0.000000
2550.000000 3950.000000 -0.100000 0.000000
2650.000000 3950.000000 -0.100000 0.000000
2750.000000 3950.000000 -0.100000 0.000000
2850.000000 3950.000000 -0.100000 0.000000
2950.000000 3950.000000 -0.100000 0.000000
3050.000000 3950.000000 -0.100000 0.000000
3150.000000 3950.000000 -0.100000 0.000000
3250.000000 3950.000000 -0.100000 0.000000
3350.000000 3950.000000 -0.100000 0.000000
3450.000000 3950.000000 -0.100000 0.000000
3550.000000 3950.000000 -0.100000 0.000000
3650.000000 3950.000000 -0.100000 0.000000
3750.000000 3950.000000 -0.100000 0.000000
3850.000000 3950.000000 -0.100000 0.000000
3950.000000 3950.000000 -0.100000 0.000000
