256 
8064.500000 63.500000 -0.100000 0.000000 
8191.500000 63.500000 -0.100000 0.000000 
8064.500000 190.500000 -0.100000 0.000000 
8191.500000 190.500000 -0.100000 0.000000 
8064.500000 317.500000 -0.100000 0.000000 
8191.500000 317.500000 -0.100000 0.000000 
8064.500000 444.500000 -0.100000 0.000000 
8191.500000 444.500000 -0.100000 0.000000 
8064.500000 571.500000 -0.100000 0.000000 
8191.500000 571.500000 -0.100000 0.000000 
8064.500000 698.500000 -0.100000 0.000000 
8191.500000 698.500000 -0.100000 0.000000 
8064.500000 825.500000 -0.100000 0.000000 
8191.500000 825.500000 -0.100000 0.000000 
8064.500000 952.500000 -0.100000 0.000000 
8191.500000 952.500000 -0.100000 0.000000 
8064.500000 1079.500000 -0.100000 0.000000 
8191.500000 1079.500000 -0.100000 0.000000 
8064.500000 1206.500000 -0.100000 0.000000 
8191.500000 1206.500000 -0.100000 0.000000 
8064.500000 1333.500000 -0.100000 0.000000 
8191.500000 1333.500000 -0.100000 0.000000 
8064.500000 1460.500000 -0.100000 0.000000 
8191.500000 1460.500000 -0.100000 0.000000 
8064.500000 1587.500000 -0.100000 0.000000 
8191.500000 1587.500000 -0.100000 0.000000 
8064.500000 1714.500000 -0.100000 0.000000 
8191.500000 1714.500000 -0.100000 0.000000 
8064.500000 1841.500000 -0.100000 0.000000 
8191.500000 1841.500000 -0.100000 0.000000 
8064.500000 1968.500000 -0.100000 0.000000 
8191.500000 1968.500000 -0.100000 0.000000 
8064.500000 2095.500000 -0.100000 0.000000 
8191.500000 2095.500000 -0.100000 0.000000 
8064.500000 2222.500000 -0.100000 0.000000 
8191.500000 2222.500000 -0.100000 0.000000 
8064.500000 2349.500000 -0.100000 0.000000 
8191.500000 2349.500000 -0.100000 0.000000 
8064.500000 2476.500000 -0.100000 0.000000 
8191.500000 2476.500000 -0.100000 0.000000 
8064.500000 2603.500000 -0.100000 0.000000 
8191.500000 2603.500000 -0.100000 0.000000 
8064.500000 2730.500000 -0.100000 0.000000 
8191.500000 2730.500000 -0.100000 0.000000 
8064.500000 2857.500000 -0.100000 0.000000 
8191.500000 2857.500000 -0.100000 0.000000 
8064.500000 2984.500000 -0.100000 0.000000 
8191.500000 2984.500000 -0.100000 0.000000 
8064.500000 3111.500000 -0.100000 0.000000 
8191.500000 3111.500000 -0.100000 0.000000 
8064.500000 3238.500000 -0.100000 0.000000 
8191.500000 3238.500000 -0.100000 0.000000 
8064.500000 3365.500000 -0.100000 0.000000 
8191.500000 3365.500000 -0.100000 0.000000 
8064.500000 3492.500000 -0.100000 0.000000 
8191.500000 3492.500000 -0.100000 0.000000 
8064.500000 3619.500000 -0.100000 0.000000 
8191.500000 3619.500000 -0.100000 0.000000 
8064.500000 3746.500000 -0.100000 0.000000 
8191.500000 3746.500000 -0.100000 0.000000 
8064.500000 3873.500000 -0.100000 0.000000 
8191.500000 3873.500000 -0.100000 0.000000 
8064.500000 4000.500000 -0.100000 0.000000 
8191.500000 4000.500000 -0.100000 0.000000 
8064.500000 4127.500000 -0.100000 0.000000 
8191.500000 4127.500000 -0.100000 0.000000 
8064.500000 4254.500000 -0.100000 0.000000 
8191.500000 4254.500000 -0.100000 0.000000 
8064.500000 4381.500000 -0.100000 0.000000 
8191.500000 4381.500000 -0.100000 0.000000 
8064.500000 4508.500000 -0.100000 0.000000 
8191.500000 4508.500000 -0.100000 0.000000 
8064.500000 4635.500000 -0.100000 0.000000 
8191.500000 4635.500000 -0.100000 0.000000 
8064.500000 4762.500000 -0.100000 0.000000 
8191.500000 4762.500000 -0.100000 0.000000 
8064.500000 4889.500000 -0.100000 0.000000 
8191.500000 4889.500000 -0.100000 0.000000 
8064.500000 5016.500000 -0.100000 0.000000 
8191.500000 5016.500000 -0.100000 0.000000 
8064.500000 5143.500000 -0.100000 0.000000 
8191.500000 5143.500000 -0.100000 0.000000 
8064.500000 5270.500000 -0.100000 0.000000 
8191.500000 5270.500000 -0.100000 0.000000 
8064.500000 5397.500000 -0.100000 0.000000 
8191.500000 5397.500000 -0.100000 0.000000 
8064.500000 5524.500000 -0.100000 0.000000 
8191.500000 5524.500000 -0.100000 0.000000 
8064.500000 5651.500000 -0.100000 0.000000 
8191.500000 5651.500000 -0.100000 0.000000 
8064.500000 5778.500000 -0.100000 0.000000 
8191.500000 5778.500000 -0.100000 0.000000 
8064.500000 5905.500000 -0.100000 0.000000 
8191.500000 5905.500000 -0.100000 0.000000 
8064.500000 6032.500000 -0.100000 0.000000 
8191.500000 6032.500000 -0.100000 0.000000 
8064.500000 6159.500000 -0.100000 0.000000 
8191.500000 6159.500000 -0.100000 0.000000 
8064.500000 6286.500000 -0.100000 0.000000 
8191.500000 6286.500000 -0.100000 0.000000 
8064.500000 6413.500000 -0.100000 0.000000 
8191.500000 6413.500000 -0.100000 0.000000 
8064.500000 6540.500000 -0.100000 0.000000 
8191.500000 6540.500000 -0.100000 0.000000 
8064.500000 6667.500000 -0.100000 0.000000 
8191.500000 6667.500000 -0.100000 0.000000 
8064.500000 6794.500000 -0.100000 0.000000 
8191.500000 6794.500000 -0.100000 0.000000 
8064.500000 6921.500000 -0.100000 0.000000 
8191.500000 6921.500000 -0.100000 0.000000 
8064.500000 7048.500000 -0.100000 0.000000 
8191.500000 7048.500000 -0.100000 0.000000 
8064.500000 7175.500000 -0.100000 0.000000 
8191.500000 7175.500000 -0.100000 0.000000 
8064.500000 7302.500000 -0.100000 0.000000 
8191.500000 7302.500000 -0.100000 0.000000 
8064.500000 7429.500000 -0.100000 0.000000 
8191.500000 7429.500000 -0.100000 0.000000 
8064.500000 7556.500000 -0.100000 0.000000 
8191.500000 7556.500000 -0.100000 0.000000 
8064.500000 7683.500000 -0.100000 0.000000 
8191.500000 7683.500000 -0.100000 0.000000 
8064.500000 7810.500000 -0.100000 0.000000 
8191.500000 7810.500000 -0.100000 0.000000 
8064.500000 7937.500000 -0.100000 0.000000 
8191.500000 7937.500000 -0.100000 0.000000 
8064.500000 8064.500000 -0.100000 0.000000 
8191.500000 8064.500000 -0.100000 0.000000 
8064.500000 8191.500000 -0.100000 0.000000 
8191.500000 8191.500000 -0.100000 0.000000 
8064.500000 8318.500000 -0.100000 0.000000 
8191.500000 8318.500000 -0.100000 0.000000 
8064.500000 8445.500000 -0.100000 0.000000 
8191.500000 8445.500000 -0.100000 0.000000 
8064.500000 8572.500000 -0.100000 0.000000 
8191.500000 8572.500000 -0.100000 0.000000 
8064.500000 8699.500000 -0.100000 0.000000 
8191.500000 8699.500000 -0.100000 0.000000 
8064.500000 8826.500000 -0.100000 0.000000 
8191.500000 8826.500000 -0.100000 0.000000 
8064.500000 8953.500000 -0.100000 0.000000 
8191.500000 8953.500000 -0.100000 0.000000 
8064.500000 9080.500000 -0.100000 0.000000 
8191.500000 9080.500000 -0.100000 0.000000 
8064.500000 9207.500000 -0.100000 0.000000 
8191.500000 9207.500000 -0.100000 0.000000 
8064.500000 9334.500000 -0.100000 0.000000 
8191.500000 9334.500000 -0.100000 0.000000 
8064.500000 9461.500000 -0.100000 0.000000 
8191.500000 9461.500000 -0.100000 0.000000 
8064.500000 9588.500000 -0.100000 0.000000 
8191.500000 9588.500000 -0.100000 0.000000 
8064.500000 9715.500000 -0.100000 0.000000 
8191.500000 9715.500000 -0.100000 0.000000 
8064.500000 9842.500000 -0.100000 0.000000 
8191.500000 9842.500000 -0.100000 0.000000 
8064.500000 9969.500000 -0.100000 0.000000 
8191.500000 9969.500000 -0.100000 0.000000 
8064.500000 10096.500000 -0.100000 0.000000 
8191.500000 10096.500000 -0.100000 0.000000 
8064.500000 10223.500000 -0.100000 0.000000 
8191.500000 10223.500000 -0.100000 0.000000 
8064.500000 10350.500000 -0.100000 0.000000 
8191.500000 10350.500000 -0.100000 0.000000 
8064.500000 10477.500000 -0.100000 0.000000 
8191.500000 10477.500000 -0.100000 0.000000 
8064.500000 10604.500000 -0.100000 0.000000 
8191.500000 10604.500000 -0.100000 0.000000 
8064.500000 10731.500000 -0.100000 0.000000 
8191.500000 10731.500000 -0.100000 0.000000 
8064.500000 10858.500000 -0.100000 0.000000 
8191.500000 10858.500000 -0.100000 0.000000 
8064.500000 10985.500000 -0.100000 0.000000 
8191.500000 10985.500000 -0.100000 0.000000 
8064.500000 11112.500000 -0.100000 0.000000 
8191.500000 11112.500000 -0.100000 0.000000 
8064.500000 11239.500000 -0.100000 0.000000 
8191.500000 11239.500000 -0.100000 0.000000 
8064.500000 11366.500000 -0.100000 0.000000 
8191.500000 11366.500000 -0.100000 0.000000 
8064.500000 11493.500000 -0.100000 0.000000 
8191.500000 11493.500000 -0.100000 0.000000 
8064.500000 11620.500000 -0.100000 0.000000 
8191.500000 11620.500000 -0.100000 0.000000 
8064.500000 11747.500000 -0.100000 0.000000 
8191.500000 11747.500000 -0.100000 0.000000 
8064.500000 11874.500000 -0.100000 0.000000 
8191.500000 11874.500000 -0.100000 0.000000 
8064.500000 12001.500000 -0.100000 0.000000 
8191.500000 12001.500000 -0.100000 0.000000 
8064.500000 12128.500000 -0.100000 0.000000 
8191.500000 12128.500000 -0.100000 0.000000 
8064.500000 12255.500000 -0.100000 0.000000 
8191.500000 12255.500000 -0.100000 0.000000 
8064.500000 12382.500000 -0.100000 0.000000 
8191.500000 12382.500000 -0.100000 0.000000 
8064.500000 12509.500000 -0.100000 0.000000 
8191.500000 12509.500000 -0.100000 0.000000 
8064.500000 12636.500000 -0.100000 0.000000 
8191.500000 12636.500000 -0.100000 0.000000 
8064.500000 12763.500000 -0.100000 0.000000 
8191.500000 12763.500000 -0.100000 0.000000 
8064.500000 12890.500000 -0.100000 0.000000 
8191.500000 12890.500000 -0.100000 0.000000 
8064.500000 13017.500000 -0.100000 0.000000 
8191.500000 13017.500000 -0.100000 0.000000 
8064.500000 13144.500000 -0.100000 0.000000 
8191.500000 13144.500000 -0.100000 0.000000 
8064.500000 13271.500000 -0.100000 0.000000 
8191.500000 13271.500000 -0.100000 0.000000 
8064.500000 13398.500000 -0.100000 0.000000 
8191.500000 13398.500000 -0.100000 0.000000 
8064.500000 13525.500000 -0.100000 0.000000 
8191.500000 13525.500000 -0.100000 0.000000 
8064.500000 13652.500000 -0.100000 0.000000 
8191.500000 13652.500000 -0.100000 0.000000 
8064.500000 13779.500000 -0.100000 0.000000 
8191.500000 13779.500000 -0.100000 0.000000 
8064.500000 13906.500000 -0.100000 0.000000 
8191.500000 13906.500000 -0.100000 0.000000 
8064.500000 14033.500000 -0.100000 0.000000 
8191.500000 14033.500000 -0.100000 0.000000 
8064.500000 14160.500000 -0.100000 0.000000 
8191.500000 14160.500000 -0.100000 0.000000 
8064.500000 14287.500000 -0.100000 0.000000 
8191.500000 14287.500000 -0.100000 0.000000 
8064.500000 14414.500000 -0.100000 0.000000 
8191.500000 14414.500000 -0.100000 0.000000 
8064.500000 14541.500000 -0.100000 0.000000 
8191.500000 14541.500000 -0.100000 0.000000 
8064.500000 14668.500000 -0.100000 0.000000 
8191.500000 14668.500000 -0.100000 0.000000 
8064.500000 14795.500000 -0.100000 0.000000 
8191.500000 14795.500000 -0.100000 0.000000 
8064.500000 14922.500000 -0.100000 0.000000 
8191.500000 14922.500000 -0.100000 0.000000 
8064.500000 15049.500000 -0.100000 0.000000 
8191.500000 15049.500000 -0.100000 0.000000 
8064.500000 15176.500000 -0.100000 0.000000 
8191.500000 15176.500000 -0.100000 0.000000 
8064.500000 15303.500000 -0.100000 0.000000 
8191.500000 15303.500000 -0.100000 0.000000 
8064.500000 15430.500000 -0.100000 0.000000 
8191.500000 15430.500000 -0.100000 0.000000 
8064.500000 15557.500000 -0.100000 0.000000 
8191.500000 15557.500000 -0.100000 0.000000 
8064.500000 15684.500000 -0.100000 0.000000 
8191.500000 15684.500000 -0.100000 0.000000 
8064.500000 15811.500000 -0.100000 0.000000 
8191.500000 15811.500000 -0.100000 0.000000 
8064.500000 15938.500000 -0.100000 0.000000 
8191.500000 15938.500000 -0.100000 0.000000 
8064.500000 16065.500000 -0.100000 0.000000 
8191.500000 16065.500000 -0.100000 0.000000 
8064.500000 16192.500000 -0.100000 0.000000 
8191.500000 16192.500000 -0.100000 0.000000 
