1024
65.000000   65.000000   -0.100000   0.000000   
195.000000   65.000000   -0.100000   0.000000   
325.000000   65.000000   -0.100000   0.000000   
455.000000   65.000000   -0.100000   0.000000   
585.000000   65.000000   -0.100000   0.000000   
715.000000   65.000000   -0.100000   0.000000   
845.000000   65.000000   -0.100000   0.000000   
975.000000   65.000000   -0.100000   0.000000   
1105.000000   65.000000   -0.100000   0.000000   
1235.000000   65.000000   -0.100000   0.000000   
1365.000000   65.000000   -0.100000   0.000000   
1495.000000   65.000000   -0.100000   0.000000   
1625.000000   65.000000   -0.100000   0.000000   
1755.000000   65.000000   -0.100000   0.000000   
1885.000000   65.000000   -0.100000   0.000000   
2015.000000   65.000000   -0.100000   0.000000   
2145.000000   65.000000   -0.100000   0.000000   
2275.000000   65.000000   -0.100000   0.000000   
2405.000000   65.000000   -0.100000   0.000000   
2535.000000   65.000000   -0.100000   0.000000   
2665.000000   65.000000   -0.100000   0.000000   
2795.000000   65.000000   -0.100000   0.000000   
2925.000000   65.000000   -0.100000   0.000000   
3055.000000   65.000000   -0.100000   0.000000   
3185.000000   65.000000   -0.100000   0.000000   
3315.000000   65.000000   -0.100000   0.000000   
3445.000000   65.000000   -0.100000   0.000000   
3575.000000   65.000000   -0.100000   0.000000   
3705.000000   65.000000   -0.100000   0.000000   
3835.000000   65.000000   -0.100000   0.000000   
3965.000000   65.000000   -0.100000   0.000000   
4095.000000   65.000000   -0.100000   0.000000   
65.000000   195.000000   -0.100000   0.000000   
195.000000   195.000000   -0.100000   0.000000   
325.000000   195.000000   -0.100000   0.000000   
455.000000   195.000000   -0.100000   0.000000   
585.000000   195.000000   -0.100000   0.000000   
715.000000   195.000000   -0.100000   0.000000   
845.000000   195.000000   -0.100000   0.000000   
975.000000   195.000000   -0.100000   0.000000   
1105.000000   195.000000   -0.100000   0.000000   
1235.000000   195.000000   -0.100000   0.000000   
1365.000000   195.000000   -0.100000   0.000000   
1495.000000   195.000000   -0.100000   0.000000   
1625.000000   195.000000   -0.100000   0.000000   
1755.000000   195.000000   -0.100000   0.000000   
1885.000000   195.000000   -0.100000   0.000000   
2015.000000   195.000000   -0.100000   0.000000   
2145.000000   195.000000   -0.100000   0.000000   
2275.000000   195.000000   -0.100000   0.000000   
2405.000000   195.000000   -0.100000   0.000000   
2535.000000   195.000000   -0.100000   0.000000   
2665.000000   195.000000   -0.100000   0.000000   
2795.000000   195.000000   -0.100000   0.000000   
2925.000000   195.000000   -0.100000   0.000000   
3055.000000   195.000000   -0.100000   0.000000   
3185.000000   195.000000   -0.100000   0.000000   
3315.000000   195.000000   -0.100000   0.000000   
3445.000000   195.000000   -0.100000   0.000000   
3575.000000   195.000000   -0.100000   0.000000   
3705.000000   195.000000   -0.100000   0.000000   
3835.000000   195.000000   -0.100000   0.000000   
3965.000000   195.000000   -0.100000   0.000000   
4095.000000   195.000000   -0.100000   0.000000   
65.000000   325.000000   -0.100000   0.000000   
195.000000   325.000000   -0.100000   0.000000   
325.000000   325.000000   -0.100000   0.000000   
455.000000   325.000000   -0.100000   0.000000   
585.000000   325.000000   -0.100000   0.000000   
715.000000   325.000000   -0.100000   0.000000   
845.000000   325.000000   -0.100000   0.000000   
975.000000   325.000000   -0.100000   0.000000   
1105.000000   325.000000   -0.100000   0.000000   
1235.000000   325.000000   -0.100000   0.000000   
1365.000000   325.000000   -0.100000   0.000000   
1495.000000   325.000000   -0.100000   0.000000   
1625.000000   325.000000   -0.100000   0.000000   
1755.000000   325.000000   -0.100000   0.000000   
1885.000000   325.000000   -0.100000   0.000000   
2015.000000   325.000000   -0.100000   0.000000   
2145.000000   325.000000   -0.100000   0.000000   
2275.000000   325.000000   -0.100000   0.000000   
2405.000000   325.000000   -0.100000   0.000000   
2535.000000   325.000000   -0.100000   0.000000   
2665.000000   325.000000   -0.100000   0.000000   
2795.000000   325.000000   -0.100000   0.000000   
2925.000000   325.000000   -0.100000   0.000000   
3055.000000   325.000000   -0.100000   0.000000   
3185.000000   325.000000   -0.100000   0.000000   
3315.000000   325.000000   -0.100000   0.000000   
3445.000000   325.000000   -0.100000   0.000000   
3575.000000   325.000000   -0.100000   0.000000   
3705.000000   325.000000   -0.100000   0.000000   
3835.000000   325.000000   -0.100000   0.000000   
3965.000000   325.000000   -0.100000   0.000000   
4095.000000   325.000000   -0.100000   0.000000   
65.000000   455.000000   -0.100000   0.000000   
195.000000   455.000000   -0.100000   0.000000   
325.000000   455.000000   -0.100000   0.000000   
455.000000   455.000000   -0.100000   0.000000   
585.000000   455.000000   -0.100000   0.000000   
715.000000   455.000000   -0.100000   0.000000   
845.000000   455.000000   -0.100000   0.000000   
975.000000   455.000000   -0.100000   0.000000   
1105.000000   455.000000   -0.100000   0.000000   
1235.000000   455.000000   -0.100000   0.000000   
1365.000000   455.000000   -0.100000   0.000000   
1495.000000   455.000000   -0.100000   0.000000   
1625.000000   455.000000   -0.100000   0.000000   
1755.000000   455.000000   -0.100000   0.000000   
1885.000000   455.000000   -0.100000   0.000000   
2015.000000   455.000000   -0.100000   0.000000   
2145.000000   455.000000   -0.100000   0.000000   
2275.000000   455.000000   -0.100000   0.000000   
2405.000000   455.000000   -0.100000   0.000000   
2535.000000   455.000000   -0.100000   0.000000   
2665.000000   455.000000   -0.100000   0.000000   
2795.000000   455.000000   -0.100000   0.000000   
2925.000000   455.000000   -0.100000   0.000000   
3055.000000   455.000000   -0.100000   0.000000   
3185.000000   455.000000   -0.100000   0.000000   
3315.000000   455.000000   -0.100000   0.000000   
3445.000000   455.000000   -0.100000   0.000000   
3575.000000   455.000000   -0.100000   0.000000   
3705.000000   455.000000   -0.100000   0.000000   
3835.000000   455.000000   -0.100000   0.000000   
3965.000000   455.000000   -0.100000   0.000000   
4095.000000   455.000000   -0.100000   0.000000   
65.000000   585.000000   -0.100000   0.000000   
195.000000   585.000000   -0.100000   0.000000   
325.000000   585.000000   -0.100000   0.000000   
455.000000   585.000000   -0.100000   0.000000   
585.000000   585.000000   -0.100000   0.000000   
715.000000   585.000000   -0.100000   0.000000   
845.000000   585.000000   -0.100000   0.000000   
975.000000   585.000000   -0.100000   0.000000   
1105.000000   585.000000   -0.100000   0.000000   
1235.000000   585.000000   -0.100000   0.000000   
1365.000000   585.000000   -0.100000   0.000000   
1495.000000   585.000000   -0.100000   0.000000   
1625.000000   585.000000   -0.100000   0.000000   
1755.000000   585.000000   -0.100000   0.000000   
1885.000000   585.000000   -0.100000   0.000000   
2015.000000   585.000000   -0.100000   0.000000   
2145.000000   585.000000   -0.100000   0.000000   
2275.000000   585.000000   -0.100000   0.000000   
2405.000000   585.000000   -0.100000   0.000000   
2535.000000   585.000000   -0.100000   0.000000   
2665.000000   585.000000   -0.100000   0.000000   
2795.000000   585.000000   -0.100000   0.000000   
2925.000000   585.000000   -0.100000   0.000000   
3055.000000   585.000000   -0.100000   0.000000   
3185.000000   585.000000   -0.100000   0.000000   
3315.000000   585.000000   -0.100000   0.000000   
3445.000000   585.000000   -0.100000   0.000000   
3575.000000   585.000000   -0.100000   0.000000   
3705.000000   585.000000   -0.100000   0.000000   
3835.000000   585.000000   -0.100000   0.000000   
3965.000000   585.000000   -0.100000   0.000000   
4095.000000   585.000000   -0.100000   0.000000   
65.000000   715.000000   -0.100000   0.000000   
195.000000   715.000000   -0.100000   0.000000   
325.000000   715.000000   -0.100000   0.000000   
455.000000   715.000000   -0.100000   0.000000   
585.000000   715.000000   -0.100000   0.000000   
715.000000   715.000000   -0.100000   0.000000   
845.000000   715.000000   -0.100000   0.000000   
975.000000   715.000000   -0.100000   0.000000   
1105.000000   715.000000   -0.100000   0.000000   
1235.000000   715.000000   -0.100000   0.000000   
1365.000000   715.000000   -0.100000   0.000000   
1495.000000   715.000000   -0.100000   0.000000   
1625.000000   715.000000   -0.100000   0.000000   
1755.000000   715.000000   -0.100000   0.000000   
1885.000000   715.000000   -0.100000   0.000000   
2015.000000   715.000000   -0.100000   0.000000   
2145.000000   715.000000   -0.100000   0.000000   
2275.000000   715.000000   -0.100000   0.000000   
2405.000000   715.000000   -0.100000   0.000000   
2535.000000   715.000000   -0.100000   0.000000   
2665.000000   715.000000   -0.100000   0.000000   
2795.000000   715.000000   -0.100000   0.000000   
2925.000000   715.000000   -0.100000   0.000000   
3055.000000   715.000000   -0.100000   0.000000   
3185.000000   715.000000   -0.100000   0.000000   
3315.000000   715.000000   -0.100000   0.000000   
3445.000000   715.000000   -0.100000   0.000000   
3575.000000   715.000000   -0.100000   0.000000   
3705.000000   715.000000   -0.100000   0.000000   
3835.000000   715.000000   -0.100000   0.000000   
3965.000000   715.000000   -0.100000   0.000000   
4095.000000   715.000000   -0.100000   0.000000   
65.000000   845.000000   -0.100000   0.000000   
195.000000   845.000000   -0.100000   0.000000   
325.000000   845.000000   -0.100000   0.000000   
455.000000   845.000000   -0.100000   0.000000   
585.000000   845.000000   -0.100000   0.000000   
715.000000   845.000000   -0.100000   0.000000   
845.000000   845.000000   -0.100000   0.000000   
975.000000   845.000000   -0.100000   0.000000   
1105.000000   845.000000   -0.100000   0.000000   
1235.000000   845.000000   -0.100000   0.000000   
1365.000000   845.000000   -0.100000   0.000000   
1495.000000   845.000000   -0.100000   0.000000   
1625.000000   845.000000   -0.100000   0.000000   
1755.000000   845.000000   -0.100000   0.000000   
1885.000000   845.000000   -0.100000   0.000000   
2015.000000   845.000000   -0.100000   0.000000   
2145.000000   845.000000   -0.100000   0.000000   
2275.000000   845.000000   -0.100000   0.000000   
2405.000000   845.000000   -0.100000   0.000000   
2535.000000   845.000000   -0.100000   0.000000   
2665.000000   845.000000   -0.100000   0.000000   
2795.000000   845.000000   -0.100000   0.000000   
2925.000000   845.000000   -0.100000   0.000000   
3055.000000   845.000000   -0.100000   0.000000   
3185.000000   845.000000   -0.100000   0.000000   
3315.000000   845.000000   -0.100000   0.000000   
3445.000000   845.000000   -0.100000   0.000000   
3575.000000   845.000000   -0.100000   0.000000   
3705.000000   845.000000   -0.100000   0.000000   
3835.000000   845.000000   -0.100000   0.000000   
3965.000000   845.000000   -0.100000   0.000000   
4095.000000   845.000000   -0.100000   0.000000   
65.000000   975.000000   -0.100000   0.000000   
195.000000   975.000000   -0.100000   0.000000   
325.000000   975.000000   -0.100000   0.000000   
455.000000   975.000000   -0.100000   0.000000   
585.000000   975.000000   -0.100000   0.000000   
715.000000   975.000000   -0.100000   0.000000   
845.000000   975.000000   -0.100000   0.000000   
975.000000   975.000000   -0.100000   0.000000   
1105.000000   975.000000   -0.100000   0.000000   
1235.000000   975.000000   -0.100000   0.000000   
1365.000000   975.000000   -0.100000   0.000000   
1495.000000   975.000000   -0.100000   0.000000   
1625.000000   975.000000   -0.100000   0.000000   
1755.000000   975.000000   -0.100000   0.000000   
1885.000000   975.000000   -0.100000   0.000000   
2015.000000   975.000000   -0.100000   0.000000   
2145.000000   975.000000   -0.100000   0.000000   
2275.000000   975.000000   -0.100000   0.000000   
2405.000000   975.000000   -0.100000   0.000000   
2535.000000   975.000000   -0.100000   0.000000   
2665.000000   975.000000   -0.100000   0.000000   
2795.000000   975.000000   -0.100000   0.000000   
2925.000000   975.000000   -0.100000   0.000000   
3055.000000   975.000000   -0.100000   0.000000   
3185.000000   975.000000   -0.100000   0.000000   
3315.000000   975.000000   -0.100000   0.000000   
3445.000000   975.000000   -0.100000   0.000000   
3575.000000   975.000000   -0.100000   0.000000   
3705.000000   975.000000   -0.100000   0.000000   
3835.000000   975.000000   -0.100000   0.000000   
3965.000000   975.000000   -0.100000   0.000000   
4095.000000   975.000000   -0.100000   0.000000   
65.000000   1105.000000   -0.100000   0.000000   
195.000000   1105.000000   -0.100000   0.000000   
325.000000   1105.000000   -0.100000   0.000000   
455.000000   1105.000000   -0.100000   0.000000   
585.000000   1105.000000   -0.100000   0.000000   
715.000000   1105.000000   -0.100000   0.000000   
845.000000   1105.000000   -0.100000   0.000000   
975.000000   1105.000000   -0.100000   0.000000   
1105.000000   1105.000000   -0.100000   0.000000   
1235.000000   1105.000000   -0.100000   0.000000   
1365.000000   1105.000000   -0.100000   0.000000   
1495.000000   1105.000000   -0.100000   0.000000   
1625.000000   1105.000000   -0.100000   0.000000   
1755.000000   1105.000000   -0.100000   0.000000   
1885.000000   1105.000000   -0.100000   0.000000   
2015.000000   1105.000000   -0.100000   0.000000   
2145.000000   1105.000000   -0.100000   0.000000   
2275.000000   1105.000000   -0.100000   0.000000   
2405.000000   1105.000000   -0.100000   0.000000   
2535.000000   1105.000000   -0.100000   0.000000   
2665.000000   1105.000000   -0.100000   0.000000   
2795.000000   1105.000000   -0.100000   0.000000   
2925.000000   1105.000000   -0.100000   0.000000   
3055.000000   1105.000000   -0.100000   0.000000   
3185.000000   1105.000000   -0.100000   0.000000   
3315.000000   1105.000000   -0.100000   0.000000   
3445.000000   1105.000000   -0.100000   0.000000   
3575.000000   1105.000000   -0.100000   0.000000   
3705.000000   1105.000000   -0.100000   0.000000   
3835.000000   1105.000000   -0.100000   0.000000   
3965.000000   1105.000000   -0.100000   0.000000   
4095.000000   1105.000000   -0.100000   0.000000   
65.000000   1235.000000   -0.100000   0.000000   
195.000000   1235.000000   -0.100000   0.000000   
325.000000   1235.000000   -0.100000   0.000000   
455.000000   1235.000000   -0.100000   0.000000   
585.000000   1235.000000   -0.100000   0.000000   
715.000000   1235.000000   -0.100000   0.000000   
845.000000   1235.000000   -0.100000   0.000000   
975.000000   1235.000000   -0.100000   0.000000   
1105.000000   1235.000000   -0.100000   0.000000   
1235.000000   1235.000000   -0.100000   0.000000   
1365.000000   1235.000000   -0.100000   0.000000   
1495.000000   1235.000000   -0.100000   0.000000   
1625.000000   1235.000000   -0.100000   0.000000   
1755.000000   1235.000000   -0.100000   0.000000   
1885.000000   1235.000000   -0.100000   0.000000   
2015.000000   1235.000000   -0.100000   0.000000   
2145.000000   1235.000000   -0.100000   0.000000   
2275.000000   1235.000000   -0.100000   0.000000   
2405.000000   1235.000000   -0.100000   0.000000   
2535.000000   1235.000000   -0.100000   0.000000   
2665.000000   1235.000000   -0.100000   0.000000   
2795.000000   1235.000000   -0.100000   0.000000   
2925.000000   1235.000000   -0.100000   0.000000   
3055.000000   1235.000000   -0.100000   0.000000   
3185.000000   1235.000000   -0.100000   0.000000   
3315.000000   1235.000000   -0.100000   0.000000   
3445.000000   1235.000000   -0.100000   0.000000   
3575.000000   1235.000000   -0.100000   0.000000   
3705.000000   1235.000000   -0.100000   0.000000   
3835.000000   1235.000000   -0.100000   0.000000   
3965.000000   1235.000000   -0.100000   0.000000   
4095.000000   1235.000000   -0.100000   0.000000   
65.000000   1365.000000   -0.100000   0.000000   
195.000000   1365.000000   -0.100000   0.000000   
325.000000   1365.000000   -0.100000   0.000000   
455.000000   1365.000000   -0.100000   0.000000   
585.000000   1365.000000   -0.100000   0.000000   
715.000000   1365.000000   -0.100000   0.000000   
845.000000   1365.000000   -0.100000   0.000000   
975.000000   1365.000000   -0.100000   0.000000   
1105.000000   1365.000000   -0.100000   0.000000   
1235.000000   1365.000000   -0.100000   0.000000   
1365.000000   1365.000000   -0.100000   0.000000   
1495.000000   1365.000000   -0.100000   0.000000   
1625.000000   1365.000000   -0.100000   0.000000   
1755.000000   1365.000000   -0.100000   0.000000   
1885.000000   1365.000000   -0.100000   0.000000   
2015.000000   1365.000000   -0.100000   0.000000   
2145.000000   1365.000000   -0.100000   0.000000   
2275.000000   1365.000000   -0.100000   0.000000   
2405.000000   1365.000000   -0.100000   0.000000   
2535.000000   1365.000000   -0.100000   0.000000   
2665.000000   1365.000000   -0.100000   0.000000   
2795.000000   1365.000000   -0.100000   0.000000   
2925.000000   1365.000000   -0.100000   0.000000   
3055.000000   1365.000000   -0.100000   0.000000   
3185.000000   1365.000000   -0.100000   0.000000   
3315.000000   1365.000000   -0.100000   0.000000   
3445.000000   1365.000000   -0.100000   0.000000   
3575.000000   1365.000000   -0.100000   0.000000   
3705.000000   1365.000000   -0.100000   0.000000   
3835.000000   1365.000000   -0.100000   0.000000   
3965.000000   1365.000000   -0.100000   0.000000   
4095.000000   1365.000000   -0.100000   0.000000   
65.000000   1495.000000   -0.100000   0.000000   
195.000000   1495.000000   -0.100000   0.000000   
325.000000   1495.000000   -0.100000   0.000000   
455.000000   1495.000000   -0.100000   0.000000   
585.000000   1495.000000   -0.100000   0.000000   
715.000000   1495.000000   -0.100000   0.000000   
845.000000   1495.000000   -0.100000   0.000000   
975.000000   1495.000000   -0.100000   0.000000   
1105.000000   1495.000000   -0.100000   0.000000   
1235.000000   1495.000000   -0.100000   0.000000   
1365.000000   1495.000000   -0.100000   0.000000   
1495.000000   1495.000000   -0.100000   0.000000   
1625.000000   1495.000000   -0.100000   0.000000   
1755.000000   1495.000000   -0.100000   0.000000   
1885.000000   1495.000000   -0.100000   0.000000   
2015.000000   1495.000000   -0.100000   0.000000   
2145.000000   1495.000000   -0.100000   0.000000   
2275.000000   1495.000000   -0.100000   0.000000   
2405.000000   1495.000000   -0.100000   0.000000   
2535.000000   1495.000000   -0.100000   0.000000   
2665.000000   1495.000000   -0.100000   0.000000   
2795.000000   1495.000000   -0.100000   0.000000   
2925.000000   1495.000000   -0.100000   0.000000   
3055.000000   1495.000000   -0.100000   0.000000   
3185.000000   1495.000000   -0.100000   0.000000   
3315.000000   1495.000000   -0.100000   0.000000   
3445.000000   1495.000000   -0.100000   0.000000   
3575.000000   1495.000000   -0.100000   0.000000   
3705.000000   1495.000000   -0.100000   0.000000   
3835.000000   1495.000000   -0.100000   0.000000   
3965.000000   1495.000000   -0.100000   0.000000   
4095.000000   1495.000000   -0.100000   0.000000   
65.000000   1625.000000   -0.100000   0.000000   
195.000000   1625.000000   -0.100000   0.000000   
325.000000   1625.000000   -0.100000   0.000000   
455.000000   1625.000000   -0.100000   0.000000   
585.000000   1625.000000   -0.100000   0.000000   
715.000000   1625.000000   -0.100000   0.000000   
845.000000   1625.000000   -0.100000   0.000000   
975.000000   1625.000000   -0.100000   0.000000   
1105.000000   1625.000000   -0.100000   0.000000   
1235.000000   1625.000000   -0.100000   0.000000   
1365.000000   1625.000000   -0.100000   0.000000   
1495.000000   1625.000000   -0.100000   0.000000   
1625.000000   1625.000000   -0.100000   0.000000   
1755.000000   1625.000000   -0.100000   0.000000   
1885.000000   1625.000000   -0.100000   0.000000   
2015.000000   1625.000000   -0.100000   0.000000   
2145.000000   1625.000000   -0.100000   0.000000   
2275.000000   1625.000000   -0.100000   0.000000   
2405.000000   1625.000000   -0.100000   0.000000   
2535.000000   1625.000000   -0.100000   0.000000   
2665.000000   1625.000000   -0.100000   0.000000   
2795.000000   1625.000000   -0.100000   0.000000   
2925.000000   1625.000000   -0.100000   0.000000   
3055.000000   1625.000000   -0.100000   0.000000   
3185.000000   1625.000000   -0.100000   0.000000   
3315.000000   1625.000000   -0.100000   0.000000   
3445.000000   1625.000000   -0.100000   0.000000   
3575.000000   1625.000000   -0.100000   0.000000   
3705.000000   1625.000000   -0.100000   0.000000   
3835.000000   1625.000000   -0.100000   0.000000   
3965.000000   1625.000000   -0.100000   0.000000   
4095.000000   1625.000000   -0.100000   0.000000   
65.000000   1755.000000   -0.100000   0.000000   
195.000000   1755.000000   -0.100000   0.000000   
325.000000   1755.000000   -0.100000   0.000000   
455.000000   1755.000000   -0.100000   0.000000   
585.000000   1755.000000   -0.100000   0.000000   
715.000000   1755.000000   -0.100000   0.000000   
845.000000   1755.000000   -0.100000   0.000000   
975.000000   1755.000000   -0.100000   0.000000   
1105.000000   1755.000000   -0.100000   0.000000   
1235.000000   1755.000000   -0.100000   0.000000   
1365.000000   1755.000000   -0.100000   0.000000   
1495.000000   1755.000000   -0.100000   0.000000   
1625.000000   1755.000000   -0.100000   0.000000   
1755.000000   1755.000000   -0.100000   0.000000   
1885.000000   1755.000000   -0.100000   0.000000   
2015.000000   1755.000000   -0.100000   0.000000   
2145.000000   1755.000000   -0.100000   0.000000   
2275.000000   1755.000000   -0.100000   0.000000   
2405.000000   1755.000000   -0.100000   0.000000   
2535.000000   1755.000000   -0.100000   0.000000   
2665.000000   1755.000000   -0.100000   0.000000   
2795.000000   1755.000000   -0.100000   0.000000   
2925.000000   1755.000000   -0.100000   0.000000   
3055.000000   1755.000000   -0.100000   0.000000   
3185.000000   1755.000000   -0.100000   0.000000   
3315.000000   1755.000000   -0.100000   0.000000   
3445.000000   1755.000000   -0.100000   0.000000   
3575.000000   1755.000000   -0.100000   0.000000   
3705.000000   1755.000000   -0.100000   0.000000   
3835.000000   1755.000000   -0.100000   0.000000   
3965.000000   1755.000000   -0.100000   0.000000   
4095.000000   1755.000000   -0.100000   0.000000   
65.000000   1885.000000   -0.100000   0.000000   
195.000000   1885.000000   -0.100000   0.000000   
325.000000   1885.000000   -0.100000   0.000000   
455.000000   1885.000000   -0.100000   0.000000   
585.000000   1885.000000   -0.100000   0.000000   
715.000000   1885.000000   -0.100000   0.000000   
845.000000   1885.000000   -0.100000   0.000000   
975.000000   1885.000000   -0.100000   0.000000   
1105.000000   1885.000000   -0.100000   0.000000   
1235.000000   1885.000000   -0.100000   0.000000   
1365.000000   1885.000000   -0.100000   0.000000   
1495.000000   1885.000000   -0.100000   0.000000   
1625.000000   1885.000000   -0.100000   0.000000   
1755.000000   1885.000000   -0.100000   0.000000   
1885.000000   1885.000000   -0.100000   0.000000   
2015.000000   1885.000000   -0.100000   0.000000   
2145.000000   1885.000000   -0.100000   0.000000   
2275.000000   1885.000000   -0.100000   0.000000   
2405.000000   1885.000000   -0.100000   0.000000   
2535.000000   1885.000000   -0.100000   0.000000   
2665.000000   1885.000000   -0.100000   0.000000   
2795.000000   1885.000000   -0.100000   0.000000   
2925.000000   1885.000000   -0.100000   0.000000   
3055.000000   1885.000000   -0.100000   0.000000   
3185.000000   1885.000000   -0.100000   0.000000   
3315.000000   1885.000000   -0.100000   0.000000   
3445.000000   1885.000000   -0.100000   0.000000   
3575.000000   1885.000000   -0.100000   0.000000   
3705.000000   1885.000000   -0.100000   0.000000   
3835.000000   1885.000000   -0.100000   0.000000   
3965.000000   1885.000000   -0.100000   0.000000   
4095.000000   1885.000000   -0.100000   0.000000   
65.000000   2015.000000   -0.100000   0.000000   
195.000000   2015.000000   -0.100000   0.000000   
325.000000   2015.000000   -0.100000   0.000000   
455.000000   2015.000000   -0.100000   0.000000   
585.000000   2015.000000   -0.100000   0.000000   
715.000000   2015.000000   -0.100000   0.000000   
845.000000   2015.000000   -0.100000   0.000000   
975.000000   2015.000000   -0.100000   0.000000   
1105.000000   2015.000000   -0.100000   0.000000   
1235.000000   2015.000000   -0.100000   0.000000   
1365.000000   2015.000000   -0.100000   0.000000   
1495.000000   2015.000000   -0.100000   0.000000   
1625.000000   2015.000000   -0.100000   0.000000   
1755.000000   2015.000000   -0.100000   0.000000   
1885.000000   2015.000000   -0.100000   0.000000   
2015.000000   2015.000000   -0.100000   0.000000   
2145.000000   2015.000000   -0.100000   0.000000   
2275.000000   2015.000000   -0.100000   0.000000   
2405.000000   2015.000000   -0.100000   0.000000   
2535.000000   2015.000000   -0.100000   0.000000   
2665.000000   2015.000000   -0.100000   0.000000   
2795.000000   2015.000000   -0.100000   0.000000   
2925.000000   2015.000000   -0.100000   0.000000   
3055.000000   2015.000000   -0.100000   0.000000   
3185.000000   2015.000000   -0.100000   0.000000   
3315.000000   2015.000000   -0.100000   0.000000   
3445.000000   2015.000000   -0.100000   0.000000   
3575.000000   2015.000000   -0.100000   0.000000   
3705.000000   2015.000000   -0.100000   0.000000   
3835.000000   2015.000000   -0.100000   0.000000   
3965.000000   2015.000000   -0.100000   0.000000   
4095.000000   2015.000000   -0.100000   0.000000   
65.000000   2145.000000   -0.100000   0.000000   
195.000000   2145.000000   -0.100000   0.000000   
325.000000   2145.000000   -0.100000   0.000000   
455.000000   2145.000000   -0.100000   0.000000   
585.000000   2145.000000   -0.100000   0.000000   
715.000000   2145.000000   -0.100000   0.000000   
845.000000   2145.000000   -0.100000   0.000000   
975.000000   2145.000000   -0.100000   0.000000   
1105.000000   2145.000000   -0.100000   0.000000   
1235.000000   2145.000000   -0.100000   0.000000   
1365.000000   2145.000000   -0.100000   0.000000   
1495.000000   2145.000000   -0.100000   0.000000   
1625.000000   2145.000000   -0.100000   0.000000   
1755.000000   2145.000000   -0.100000   0.000000   
1885.000000   2145.000000   -0.100000   0.000000   
2015.000000   2145.000000   -0.100000   0.000000   
2145.000000   2145.000000   -0.100000   0.000000   
2275.000000   2145.000000   -0.100000   0.000000   
2405.000000   2145.000000   -0.100000   0.000000   
2535.000000   2145.000000   -0.100000   0.000000   
2665.000000   2145.000000   -0.100000   0.000000   
2795.000000   2145.000000   -0.100000   0.000000   
2925.000000   2145.000000   -0.100000   0.000000   
3055.000000   2145.000000   -0.100000   0.000000   
3185.000000   2145.000000   -0.100000   0.000000   
3315.000000   2145.000000   -0.100000   0.000000   
3445.000000   2145.000000   -0.100000   0.000000   
3575.000000   2145.000000   -0.100000   0.000000   
3705.000000   2145.000000   -0.100000   0.000000   
3835.000000   2145.000000   -0.100000   0.000000   
3965.000000   2145.000000   -0.100000   0.000000   
4095.000000   2145.000000   -0.100000   0.000000   
65.000000   2275.000000   -0.100000   0.000000   
195.000000   2275.000000   -0.100000   0.000000   
325.000000   2275.000000   -0.100000   0.000000   
455.000000   2275.000000   -0.100000   0.000000   
585.000000   2275.000000   -0.100000   0.000000   
715.000000   2275.000000   -0.100000   0.000000   
845.000000   2275.000000   -0.100000   0.000000   
975.000000   2275.000000   -0.100000   0.000000   
1105.000000   2275.000000   -0.100000   0.000000   
1235.000000   2275.000000   -0.100000   0.000000   
1365.000000   2275.000000   -0.100000   0.000000   
1495.000000   2275.000000   -0.100000   0.000000   
1625.000000   2275.000000   -0.100000   0.000000   
1755.000000   2275.000000   -0.100000   0.000000   
1885.000000   2275.000000   -0.100000   0.000000   
2015.000000   2275.000000   -0.100000   0.000000   
2145.000000   2275.000000   -0.100000   0.000000   
2275.000000   2275.000000   -0.100000   0.000000   
2405.000000   2275.000000   -0.100000   0.000000   
2535.000000   2275.000000   -0.100000   0.000000   
2665.000000   2275.000000   -0.100000   0.000000   
2795.000000   2275.000000   -0.100000   0.000000   
2925.000000   2275.000000   -0.100000   0.000000   
3055.000000   2275.000000   -0.100000   0.000000   
3185.000000   2275.000000   -0.100000   0.000000   
3315.000000   2275.000000   -0.100000   0.000000   
3445.000000   2275.000000   -0.100000   0.000000   
3575.000000   2275.000000   -0.100000   0.000000   
3705.000000   2275.000000   -0.100000   0.000000   
3835.000000   2275.000000   -0.100000   0.000000   
3965.000000   2275.000000   -0.100000   0.000000   
4095.000000   2275.000000   -0.100000   0.000000   
65.000000   2405.000000   -0.100000   0.000000   
195.000000   2405.000000   -0.100000   0.000000   
325.000000   2405.000000   -0.100000   0.000000   
455.000000   2405.000000   -0.100000   0.000000   
585.000000   2405.000000   -0.100000   0.000000   
715.000000   2405.000000   -0.100000   0.000000   
845.000000   2405.000000   -0.100000   0.000000   
975.000000   2405.000000   -0.100000   0.000000   
1105.000000   2405.000000   -0.100000   0.000000   
1235.000000   2405.000000   -0.100000   0.000000   
1365.000000   2405.000000   -0.100000   0.000000   
1495.000000   2405.000000   -0.100000   0.000000   
1625.000000   2405.000000   -0.100000   0.000000   
1755.000000   2405.000000   -0.100000   0.000000   
1885.000000   2405.000000   -0.100000   0.000000   
2015.000000   2405.000000   -0.100000   0.000000   
2145.000000   2405.000000   -0.100000   0.000000   
2275.000000   2405.000000   -0.100000   0.000000   
2405.000000   2405.000000   -0.100000   0.000000   
2535.000000   2405.000000   -0.100000   0.000000   
2665.000000   2405.000000   -0.100000   0.000000   
2795.000000   2405.000000   -0.100000   0.000000   
2925.000000   2405.000000   -0.100000   0.000000   
3055.000000   2405.000000   -0.100000   0.000000   
3185.000000   2405.000000   -0.100000   0.000000   
3315.000000   2405.000000   -0.100000   0.000000   
3445.000000   2405.000000   -0.100000   0.000000   
3575.000000   2405.000000   -0.100000   0.000000   
3705.000000   2405.000000   -0.100000   0.000000   
3835.000000   2405.000000   -0.100000   0.000000   
3965.000000   2405.000000   -0.100000   0.000000   
4095.000000   2405.000000   -0.100000   0.000000   
65.000000   2535.000000   -0.100000   0.000000   
195.000000   2535.000000   -0.100000   0.000000   
325.000000   2535.000000   -0.100000   0.000000   
455.000000   2535.000000   -0.100000   0.000000   
585.000000   2535.000000   -0.100000   0.000000   
715.000000   2535.000000   -0.100000   0.000000   
845.000000   2535.000000   -0.100000   0.000000   
975.000000   2535.000000   -0.100000   0.000000   
1105.000000   2535.000000   -0.100000   0.000000   
1235.000000   2535.000000   -0.100000   0.000000   
1365.000000   2535.000000   -0.100000   0.000000   
1495.000000   2535.000000   -0.100000   0.000000   
1625.000000   2535.000000   -0.100000   0.000000   
1755.000000   2535.000000   -0.100000   0.000000   
1885.000000   2535.000000   -0.100000   0.000000   
2015.000000   2535.000000   -0.100000   0.000000   
2145.000000   2535.000000   -0.100000   0.000000   
2275.000000   2535.000000   -0.100000   0.000000   
2405.000000   2535.000000   -0.100000   0.000000   
2535.000000   2535.000000   -0.100000   0.000000   
2665.000000   2535.000000   -0.100000   0.000000   
2795.000000   2535.000000   -0.100000   0.000000   
2925.000000   2535.000000   -0.100000   0.000000   
3055.000000   2535.000000   -0.100000   0.000000   
3185.000000   2535.000000   -0.100000   0.000000   
3315.000000   2535.000000   -0.100000   0.000000   
3445.000000   2535.000000   -0.100000   0.000000   
3575.000000   2535.000000   -0.100000   0.000000   
3705.000000   2535.000000   -0.100000   0.000000   
3835.000000   2535.000000   -0.100000   0.000000   
3965.000000   2535.000000   -0.100000   0.000000   
4095.000000   2535.000000   -0.100000   0.000000   
65.000000   2665.000000   -0.100000   0.000000   
195.000000   2665.000000   -0.100000   0.000000   
325.000000   2665.000000   -0.100000   0.000000   
455.000000   2665.000000   -0.100000   0.000000   
585.000000   2665.000000   -0.100000   0.000000   
715.000000   2665.000000   -0.100000   0.000000   
845.000000   2665.000000   -0.100000   0.000000   
975.000000   2665.000000   -0.100000   0.000000   
1105.000000   2665.000000   -0.100000   0.000000   
1235.000000   2665.000000   -0.100000   0.000000   
1365.000000   2665.000000   -0.100000   0.000000   
1495.000000   2665.000000   -0.100000   0.000000   
1625.000000   2665.000000   -0.100000   0.000000   
1755.000000   2665.000000   -0.100000   0.000000   
1885.000000   2665.000000   -0.100000   0.000000   
2015.000000   2665.000000   -0.100000   0.000000   
2145.000000   2665.000000   -0.100000   0.000000   
2275.000000   2665.000000   -0.100000   0.000000   
2405.000000   2665.000000   -0.100000   0.000000   
2535.000000   2665.000000   -0.100000   0.000000   
2665.000000   2665.000000   -0.100000   0.000000   
2795.000000   2665.000000   -0.100000   0.000000   
2925.000000   2665.000000   -0.100000   0.000000   
3055.000000   2665.000000   -0.100000   0.000000   
3185.000000   2665.000000   -0.100000   0.000000   
3315.000000   2665.000000   -0.100000   0.000000   
3445.000000   2665.000000   -0.100000   0.000000   
3575.000000   2665.000000   -0.100000   0.000000   
3705.000000   2665.000000   -0.100000   0.000000   
3835.000000   2665.000000   -0.100000   0.000000   
3965.000000   2665.000000   -0.100000   0.000000   
4095.000000   2665.000000   -0.100000   0.000000   
65.000000   2795.000000   -0.100000   0.000000   
195.000000   2795.000000   -0.100000   0.000000   
325.000000   2795.000000   -0.100000   0.000000   
455.000000   2795.000000   -0.100000   0.000000   
585.000000   2795.000000   -0.100000   0.000000   
715.000000   2795.000000   -0.100000   0.000000   
845.000000   2795.000000   -0.100000   0.000000   
975.000000   2795.000000   -0.100000   0.000000   
1105.000000   2795.000000   -0.100000   0.000000   
1235.000000   2795.000000   -0.100000   0.000000   
1365.000000   2795.000000   -0.100000   0.000000   
1495.000000   2795.000000   -0.100000   0.000000   
1625.000000   2795.000000   -0.100000   0.000000   
1755.000000   2795.000000   -0.100000   0.000000   
1885.000000   2795.000000   -0.100000   0.000000   
2015.000000   2795.000000   -0.100000   0.000000   
2145.000000   2795.000000   -0.100000   0.000000   
2275.000000   2795.000000   -0.100000   0.000000   
2405.000000   2795.000000   -0.100000   0.000000   
2535.000000   2795.000000   -0.100000   0.000000   
2665.000000   2795.000000   -0.100000   0.000000   
2795.000000   2795.000000   -0.100000   0.000000   
2925.000000   2795.000000   -0.100000   0.000000   
3055.000000   2795.000000   -0.100000   0.000000   
3185.000000   2795.000000   -0.100000   0.000000   
3315.000000   2795.000000   -0.100000   0.000000   
3445.000000   2795.000000   -0.100000   0.000000   
3575.000000   2795.000000   -0.100000   0.000000   
3705.000000   2795.000000   -0.100000   0.000000   
3835.000000   2795.000000   -0.100000   0.000000   
3965.000000   2795.000000   -0.100000   0.000000   
4095.000000   2795.000000   -0.100000   0.000000   
65.000000   2925.000000   -0.100000   0.000000   
195.000000   2925.000000   -0.100000   0.000000   
325.000000   2925.000000   -0.100000   0.000000   
455.000000   2925.000000   -0.100000   0.000000   
585.000000   2925.000000   -0.100000   0.000000   
715.000000   2925.000000   -0.100000   0.000000   
845.000000   2925.000000   -0.100000   0.000000   
975.000000   2925.000000   -0.100000   0.000000   
1105.000000   2925.000000   -0.100000   0.000000   
1235.000000   2925.000000   -0.100000   0.000000   
1365.000000   2925.000000   -0.100000   0.000000   
1495.000000   2925.000000   -0.100000   0.000000   
1625.000000   2925.000000   -0.100000   0.000000   
1755.000000   2925.000000   -0.100000   0.000000   
1885.000000   2925.000000   -0.100000   0.000000   
2015.000000   2925.000000   -0.100000   0.000000   
2145.000000   2925.000000   -0.100000   0.000000   
2275.000000   2925.000000   -0.100000   0.000000   
2405.000000   2925.000000   -0.100000   0.000000   
2535.000000   2925.000000   -0.100000   0.000000   
2665.000000   2925.000000   -0.100000   0.000000   
2795.000000   2925.000000   -0.100000   0.000000   
2925.000000   2925.000000   -0.100000   0.000000   
3055.000000   2925.000000   -0.100000   0.000000   
3185.000000   2925.000000   -0.100000   0.000000   
3315.000000   2925.000000   -0.100000   0.000000   
3445.000000   2925.000000   -0.100000   0.000000   
3575.000000   2925.000000   -0.100000   0.000000   
3705.000000   2925.000000   -0.100000   0.000000   
3835.000000   2925.000000   -0.100000   0.000000   
3965.000000   2925.000000   -0.100000   0.000000   
4095.000000   2925.000000   -0.100000   0.000000   
65.000000   3055.000000   -0.100000   0.000000   
195.000000   3055.000000   -0.100000   0.000000   
325.000000   3055.000000   -0.100000   0.000000   
455.000000   3055.000000   -0.100000   0.000000   
585.000000   3055.000000   -0.100000   0.000000   
715.000000   3055.000000   -0.100000   0.000000   
845.000000   3055.000000   -0.100000   0.000000   
975.000000   3055.000000   -0.100000   0.000000   
1105.000000   3055.000000   -0.100000   0.000000   
1235.000000   3055.000000   -0.100000   0.000000   
1365.000000   3055.000000   -0.100000   0.000000   
1495.000000   3055.000000   -0.100000   0.000000   
1625.000000   3055.000000   -0.100000   0.000000   
1755.000000   3055.000000   -0.100000   0.000000   
1885.000000   3055.000000   -0.100000   0.000000   
2015.000000   3055.000000   -0.100000   0.000000   
2145.000000   3055.000000   -0.100000   0.000000   
2275.000000   3055.000000   -0.100000   0.000000   
2405.000000   3055.000000   -0.100000   0.000000   
2535.000000   3055.000000   -0.100000   0.000000   
2665.000000   3055.000000   -0.100000   0.000000   
2795.000000   3055.000000   -0.100000   0.000000   
2925.000000   3055.000000   -0.100000   0.000000   
3055.000000   3055.000000   -0.100000   0.000000   
3185.000000   3055.000000   -0.100000   0.000000   
3315.000000   3055.000000   -0.100000   0.000000   
3445.000000   3055.000000   -0.100000   0.000000   
3575.000000   3055.000000   -0.100000   0.000000   
3705.000000   3055.000000   -0.100000   0.000000   
3835.000000   3055.000000   -0.100000   0.000000   
3965.000000   3055.000000   -0.100000   0.000000   
4095.000000   3055.000000   -0.100000   0.000000   
65.000000   3185.000000   -0.100000   0.000000   
195.000000   3185.000000   -0.100000   0.000000   
325.000000   3185.000000   -0.100000   0.000000   
455.000000   3185.000000   -0.100000   0.000000   
585.000000   3185.000000   -0.100000   0.000000   
715.000000   3185.000000   -0.100000   0.000000   
845.000000   3185.000000   -0.100000   0.000000   
975.000000   3185.000000   -0.100000   0.000000   
1105.000000   3185.000000   -0.100000   0.000000   
1235.000000   3185.000000   -0.100000   0.000000   
1365.000000   3185.000000   -0.100000   0.000000   
1495.000000   3185.000000   -0.100000   0.000000   
1625.000000   3185.000000   -0.100000   0.000000   
1755.000000   3185.000000   -0.100000   0.000000   
1885.000000   3185.000000   -0.100000   0.000000   
2015.000000   3185.000000   -0.100000   0.000000   
2145.000000   3185.000000   -0.100000   0.000000   
2275.000000   3185.000000   -0.100000   0.000000   
2405.000000   3185.000000   -0.100000   0.000000   
2535.000000   3185.000000   -0.100000   0.000000   
2665.000000   3185.000000   -0.100000   0.000000   
2795.000000   3185.000000   -0.100000   0.000000   
2925.000000   3185.000000   -0.100000   0.000000   
3055.000000   3185.000000   -0.100000   0.000000   
3185.000000   3185.000000   -0.100000   0.000000   
3315.000000   3185.000000   -0.100000   0.000000   
3445.000000   3185.000000   -0.100000   0.000000   
3575.000000   3185.000000   -0.100000   0.000000   
3705.000000   3185.000000   -0.100000   0.000000   
3835.000000   3185.000000   -0.100000   0.000000   
3965.000000   3185.000000   -0.100000   0.000000   
4095.000000   3185.000000   -0.100000   0.000000   
65.000000   3315.000000   -0.100000   0.000000   
195.000000   3315.000000   -0.100000   0.000000   
325.000000   3315.000000   -0.100000   0.000000   
455.000000   3315.000000   -0.100000   0.000000   
585.000000   3315.000000   -0.100000   0.000000   
715.000000   3315.000000   -0.100000   0.000000   
845.000000   3315.000000   -0.100000   0.000000   
975.000000   3315.000000   -0.100000   0.000000   
1105.000000   3315.000000   -0.100000   0.000000   
1235.000000   3315.000000   -0.100000   0.000000   
1365.000000   3315.000000   -0.100000   0.000000   
1495.000000   3315.000000   -0.100000   0.000000   
1625.000000   3315.000000   -0.100000   0.000000   
1755.000000   3315.000000   -0.100000   0.000000   
1885.000000   3315.000000   -0.100000   0.000000   
2015.000000   3315.000000   -0.100000   0.000000   
2145.000000   3315.000000   -0.100000   0.000000   
2275.000000   3315.000000   -0.100000   0.000000   
2405.000000   3315.000000   -0.100000   0.000000   
2535.000000   3315.000000   -0.100000   0.000000   
2665.000000   3315.000000   -0.100000   0.000000   
2795.000000   3315.000000   -0.100000   0.000000   
2925.000000   3315.000000   -0.100000   0.000000   
3055.000000   3315.000000   -0.100000   0.000000   
3185.000000   3315.000000   -0.100000   0.000000   
3315.000000   3315.000000   -0.100000   0.000000   
3445.000000   3315.000000   -0.100000   0.000000   
3575.000000   3315.000000   -0.100000   0.000000   
3705.000000   3315.000000   -0.100000   0.000000   
3835.000000   3315.000000   -0.100000   0.000000   
3965.000000   3315.000000   -0.100000   0.000000   
4095.000000   3315.000000   -0.100000   0.000000   
65.000000   3445.000000   -0.100000   0.000000   
195.000000   3445.000000   -0.100000   0.000000   
325.000000   3445.000000   -0.100000   0.000000   
455.000000   3445.000000   -0.100000   0.000000   
585.000000   3445.000000   -0.100000   0.000000   
715.000000   3445.000000   -0.100000   0.000000   
845.000000   3445.000000   -0.100000   0.000000   
975.000000   3445.000000   -0.100000   0.000000   
1105.000000   3445.000000   -0.100000   0.000000   
1235.000000   3445.000000   -0.100000   0.000000   
1365.000000   3445.000000   -0.100000   0.000000   
1495.000000   3445.000000   -0.100000   0.000000   
1625.000000   3445.000000   -0.100000   0.000000   
1755.000000   3445.000000   -0.100000   0.000000   
1885.000000   3445.000000   -0.100000   0.000000   
2015.000000   3445.000000   -0.100000   0.000000   
2145.000000   3445.000000   -0.100000   0.000000   
2275.000000   3445.000000   -0.100000   0.000000   
2405.000000   3445.000000   -0.100000   0.000000   
2535.000000   3445.000000   -0.100000   0.000000   
2665.000000   3445.000000   -0.100000   0.000000   
2795.000000   3445.000000   -0.100000   0.000000   
2925.000000   3445.000000   -0.100000   0.000000   
3055.000000   3445.000000   -0.100000   0.000000   
3185.000000   3445.000000   -0.100000   0.000000   
3315.000000   3445.000000   -0.100000   0.000000   
3445.000000   3445.000000   -0.100000   0.000000   
3575.000000   3445.000000   -0.100000   0.000000   
3705.000000   3445.000000   -0.100000   0.000000   
3835.000000   3445.000000   -0.100000   0.000000   
3965.000000   3445.000000   -0.100000   0.000000   
4095.000000   3445.000000   -0.100000   0.000000   
65.000000   3575.000000   -0.100000   0.000000   
195.000000   3575.000000   -0.100000   0.000000   
325.000000   3575.000000   -0.100000   0.000000   
455.000000   3575.000000   -0.100000   0.000000   
585.000000   3575.000000   -0.100000   0.000000   
715.000000   3575.000000   -0.100000   0.000000   
845.000000   3575.000000   -0.100000   0.000000   
975.000000   3575.000000   -0.100000   0.000000   
1105.000000   3575.000000   -0.100000   0.000000   
1235.000000   3575.000000   -0.100000   0.000000   
1365.000000   3575.000000   -0.100000   0.000000   
1495.000000   3575.000000   -0.100000   0.000000   
1625.000000   3575.000000   -0.100000   0.000000   
1755.000000   3575.000000   -0.100000   0.000000   
1885.000000   3575.000000   -0.100000   0.000000   
2015.000000   3575.000000   -0.100000   0.000000   
2145.000000   3575.000000   -0.100000   0.000000   
2275.000000   3575.000000   -0.100000   0.000000   
2405.000000   3575.000000   -0.100000   0.000000   
2535.000000   3575.000000   -0.100000   0.000000   
2665.000000   3575.000000   -0.100000   0.000000   
2795.000000   3575.000000   -0.100000   0.000000   
2925.000000   3575.000000   -0.100000   0.000000   
3055.000000   3575.000000   -0.100000   0.000000   
3185.000000   3575.000000   -0.100000   0.000000   
3315.000000   3575.000000   -0.100000   0.000000   
3445.000000   3575.000000   -0.100000   0.000000   
3575.000000   3575.000000   -0.100000   0.000000   
3705.000000   3575.000000   -0.100000   0.000000   
3835.000000   3575.000000   -0.100000   0.000000   
3965.000000   3575.000000   -0.100000   0.000000   
4095.000000   3575.000000   -0.100000   0.000000   
65.000000   3705.000000   -0.100000   0.000000   
195.000000   3705.000000   -0.100000   0.000000   
325.000000   3705.000000   -0.100000   0.000000   
455.000000   3705.000000   -0.100000   0.000000   
585.000000   3705.000000   -0.100000   0.000000   
715.000000   3705.000000   -0.100000   0.000000   
845.000000   3705.000000   -0.100000   0.000000   
975.000000   3705.000000   -0.100000   0.000000   
1105.000000   3705.000000   -0.100000   0.000000   
1235.000000   3705.000000   -0.100000   0.000000   
1365.000000   3705.000000   -0.100000   0.000000   
1495.000000   3705.000000   -0.100000   0.000000   
1625.000000   3705.000000   -0.100000   0.000000   
1755.000000   3705.000000   -0.100000   0.000000   
1885.000000   3705.000000   -0.100000   0.000000   
2015.000000   3705.000000   -0.100000   0.000000   
2145.000000   3705.000000   -0.100000   0.000000   
2275.000000   3705.000000   -0.100000   0.000000   
2405.000000   3705.000000   -0.100000   0.000000   
2535.000000   3705.000000   -0.100000   0.000000   
2665.000000   3705.000000   -0.100000   0.000000   
2795.000000   3705.000000   -0.100000   0.000000   
2925.000000   3705.000000   -0.100000   0.000000   
3055.000000   3705.000000   -0.100000   0.000000   
3185.000000   3705.000000   -0.100000   0.000000   
3315.000000   3705.000000   -0.100000   0.000000   
3445.000000   3705.000000   -0.100000   0.000000   
3575.000000   3705.000000   -0.100000   0.000000   
3705.000000   3705.000000   -0.100000   0.000000   
3835.000000   3705.000000   -0.100000   0.000000   
3965.000000   3705.000000   -0.100000   0.000000   
4095.000000   3705.000000   -0.100000   0.000000   
65.000000   3835.000000   -0.100000   0.000000   
195.000000   3835.000000   -0.100000   0.000000   
325.000000   3835.000000   -0.100000   0.000000   
455.000000   3835.000000   -0.100000   0.000000   
585.000000   3835.000000   -0.100000   0.000000   
715.000000   3835.000000   -0.100000   0.000000   
845.000000   3835.000000   -0.100000   0.000000   
975.000000   3835.000000   -0.100000   0.000000   
1105.000000   3835.000000   -0.100000   0.000000   
1235.000000   3835.000000   -0.100000   0.000000   
1365.000000   3835.000000   -0.100000   0.000000   
1495.000000   3835.000000   -0.100000   0.000000   
1625.000000   3835.000000   -0.100000   0.000000   
1755.000000   3835.000000   -0.100000   0.000000   
1885.000000   3835.000000   -0.100000   0.000000   
2015.000000   3835.000000   -0.100000   0.000000   
2145.000000   3835.000000   -0.100000   0.000000   
2275.000000   3835.000000   -0.100000   0.000000   
2405.000000   3835.000000   -0.100000   0.000000   
2535.000000   3835.000000   -0.100000   0.000000   
2665.000000   3835.000000   -0.100000   0.000000   
2795.000000   3835.000000   -0.100000   0.000000   
2925.000000   3835.000000   -0.100000   0.000000   
3055.000000   3835.000000   -0.100000   0.000000   
3185.000000   3835.000000   -0.100000   0.000000   
3315.000000   3835.000000   -0.100000   0.000000   
3445.000000   3835.000000   -0.100000   0.000000   
3575.000000   3835.000000   -0.100000   0.000000   
3705.000000   3835.000000   -0.100000   0.000000   
3835.000000   3835.000000   -0.100000   0.000000   
3965.000000   3835.000000   -0.100000   0.000000   
4095.000000   3835.000000   -0.100000   0.000000   
65.000000   3965.000000   -0.100000   0.000000   
195.000000   3965.000000   -0.100000   0.000000   
325.000000   3965.000000   -0.100000   0.000000   
455.000000   3965.000000   -0.100000   0.000000   
585.000000   3965.000000   -0.100000   0.000000   
715.000000   3965.000000   -0.100000   0.000000   
845.000000   3965.000000   -0.100000   0.000000   
975.000000   3965.000000   -0.100000   0.000000   
1105.000000   3965.000000   -0.100000   0.000000   
1235.000000   3965.000000   -0.100000   0.000000   
1365.000000   3965.000000   -0.100000   0.000000   
1495.000000   3965.000000   -0.100000   0.000000   
1625.000000   3965.000000   -0.100000   0.000000   
1755.000000   3965.000000   -0.100000   0.000000   
1885.000000   3965.000000   -0.100000   0.000000   
2015.000000   3965.000000   -0.100000   0.000000   
2145.000000   3965.000000   -0.100000   0.000000   
2275.000000   3965.000000   -0.100000   0.000000   
2405.000000   3965.000000   -0.100000   0.000000   
2535.000000   3965.000000   -0.100000   0.000000   
2665.000000   3965.000000   -0.100000   0.000000   
2795.000000   3965.000000   -0.100000   0.000000   
2925.000000   3965.000000   -0.100000   0.000000   
3055.000000   3965.000000   -0.100000   0.000000   
3185.000000   3965.000000   -0.100000   0.000000   
3315.000000   3965.000000   -0.100000   0.000000   
3445.000000   3965.000000   -0.100000   0.000000   
3575.000000   3965.000000   -0.100000   0.000000   
3705.000000   3965.000000   -0.100000   0.000000   
3835.000000   3965.000000   -0.100000   0.000000   
3965.000000   3965.000000   -0.100000   0.000000   
4095.000000   3965.000000   -0.100000   0.000000   
65.000000   4095.000000   -0.100000   0.000000   
195.000000   4095.000000   -0.100000   0.000000   
325.000000   4095.000000   -0.100000   0.000000   
455.000000   4095.000000   -0.100000   0.000000   
585.000000   4095.000000   -0.100000   0.000000   
715.000000   4095.000000   -0.100000   0.000000   
845.000000   4095.000000   -0.100000   0.000000   
975.000000   4095.000000   -0.100000   0.000000   
1105.000000   4095.000000   -0.100000   0.000000   
1235.000000   4095.000000   -0.100000   0.000000   
1365.000000   4095.000000   -0.100000   0.000000   
1495.000000   4095.000000   -0.100000   0.000000   
1625.000000   4095.000000   -0.100000   0.000000   
1755.000000   4095.000000   -0.100000   0.000000   
1885.000000   4095.000000   -0.100000   0.000000   
2015.000000   4095.000000   -0.100000   0.000000   
2145.000000   4095.000000   -0.100000   0.000000   
2275.000000   4095.000000   -0.100000   0.000000   
2405.000000   4095.000000   -0.100000   0.000000   
2535.000000   4095.000000   -0.100000   0.000000   
2665.000000   4095.000000   -0.100000   0.000000   
2795.000000   4095.000000   -0.100000   0.000000   
2925.000000   4095.000000   -0.100000   0.000000   
3055.000000   4095.000000   -0.100000   0.000000   
3185.000000   4095.000000   -0.100000   0.000000   
3315.000000   4095.000000   -0.100000   0.000000   
3445.000000   4095.000000   -0.100000   0.000000   
3575.000000   4095.000000   -0.100000   0.000000   
3705.000000   4095.000000   -0.100000   0.000000   
3835.000000   4095.000000   -0.100000   0.000000   
3965.000000   4095.000000   -0.100000   0.000000   
4095.000000   4095.000000   -0.100000   0.000000   
