         113
   7455800.0000000000        528550.00000000000       -1.0000000000000000        9.4505000000000001E-004
   7456800.0000000000        528550.00000000000       -1.0000000000000000        9.2520000000000005E-004
   7457800.0000000000        528550.00000000000       -1.0000000000000000        9.3479000000000001E-004
   7458800.0000000000        528550.00000000000       -1.0000000000000000        9.6639000000000002E-004
   7459800.0000000000        528550.00000000000       -1.0000000000000000        9.8801000000000010E-004
   7460800.0000000000        528550.00000000000       -1.0000000000000000        9.8481000000000003E-004
   7461800.0000000000        528550.00000000000       -1.0000000000000000        9.6688999999999998E-004
   7462800.0000000000        528550.00000000000       -1.0000000000000000        9.5429000000000000E-004
   7463800.0000000000        528550.00000000000       -1.0000000000000000        9.4667000000000004E-004
   7464800.0000000000        528550.00000000000       -1.0000000000000000        9.3745000000000005E-004
   7465800.0000000000        528550.00000000000       -1.0000000000000000        9.3141000000000003E-004
   7466800.0000000000        528550.00000000000       -1.0000000000000000        9.2725999999999995E-004
   7467800.0000000000        528550.00000000000       -1.0000000000000000        9.1974000000000005E-004
   7468800.0000000000        528550.00000000000       -1.0000000000000000        9.0551000000000000E-004
   7469800.0000000000        528550.00000000000       -1.0000000000000000        8.9112000000000002E-004
   7470800.0000000000        528550.00000000000       -1.0000000000000000        8.8663000000000001E-004
   7471800.0000000000        528550.00000000000       -1.0000000000000000        8.8769000000000001E-004
   7472800.0000000000        528550.00000000000       -1.0000000000000000        8.8349999999999995E-004
   7473800.0000000000        528550.00000000000       -1.0000000000000000        8.6697000000000000E-004
   7474800.0000000000        528550.00000000000       -1.0000000000000000        8.3865999999999997E-004
   7475800.0000000000        528550.00000000000       -1.0000000000000000        8.0205000000000001E-004
   7476800.0000000000        528550.00000000000       -1.0000000000000000        7.6413000000000002E-004
   7477800.0000000000        528550.00000000000       -1.0000000000000000        7.3211000000000001E-004
   7478800.0000000000        528550.00000000000       -1.0000000000000000        7.0372000000000002E-004
   7479800.0000000000        528550.00000000000       -1.0000000000000000        6.7962000000000003E-004
   7480800.0000000000        528550.00000000000       -1.0000000000000000        6.5510999999999998E-004
   7481800.0000000000        528550.00000000000       -1.0000000000000000        6.2443000000000004E-004
   7482800.0000000000        528550.00000000000       -1.0000000000000000        5.9814999999999998E-004
   7483700.0000000000        528550.00000000000       -1.0000000000000000        5.8056999999999998E-004
   7484700.0000000000        528550.00000000000       -1.0000000000000000        5.5097000000000002E-004
   7485700.0000000000        528550.00000000000       -1.0000000000000000        5.1433999999999996E-004
   7486700.0000000000        528550.00000000000       -1.0000000000000000        4.7521999999999999E-004
   7487700.0000000000        528550.00000000000       -1.0000000000000000        4.5501999999999999E-004
   7488700.0000000000        528550.00000000000       -1.0000000000000000        4.3763999999999999E-004
   7489700.0000000000        528550.00000000000       -1.0000000000000000        4.1490000000000000E-004
   7490700.0000000000        528550.00000000000       -1.0000000000000000        3.8835999999999997E-004
   7491700.0000000000        528550.00000000000       -1.0000000000000000        3.6256000000000000E-004
   7492700.0000000000        528550.00000000000       -1.0000000000000000        3.4501999999999997E-004
   7493700.0000000000        528550.00000000000       -1.0000000000000000        3.1388999999999999E-004
   7494700.0000000000        528550.00000000000       -1.0000000000000000        2.9725999999999998E-004
   7495700.0000000000        528550.00000000000       -1.0000000000000000        2.8483000000000002E-004
   7496700.0000000000        528550.00000000000       -1.0000000000000000        2.7226000000000003E-004
   7497700.0000000000        528550.00000000000       -1.0000000000000000        2.6470999999999998E-004
   7498700.0000000000        528550.00000000000       -1.0000000000000000        2.6478000000000000E-004
   7499700.0000000000        528550.00000000000       -1.0000000000000000        2.6667999999999999E-004
   7500700.0000000000        528550.00000000000       -1.0000000000000000        2.7040000000000001E-004
   7501700.0000000000        528550.00000000000       -1.0000000000000000        2.7919000000000002E-004
   7502700.0000000000        528550.00000000000       -1.0000000000000000        2.9721000000000001E-004
   7503700.0000000000        528550.00000000000       -1.0000000000000000        2.9975999999999999E-004
   7504700.0000000000        528550.00000000000       -1.0000000000000000        3.2215000000000000E-004
   7505700.0000000000        528550.00000000000       -1.0000000000000000        3.3984000000000000E-004
   7506700.0000000000        528550.00000000000       -1.0000000000000000        3.5591000000000003E-004
   7507700.0000000000        528550.00000000000       -1.0000000000000000        3.7033999999999998E-004
   7508700.0000000000        528550.00000000000       -1.0000000000000000        3.8534000000000002E-004
   7509700.0000000000        528550.00000000000       -1.0000000000000000        4.0547000000000001E-004
   7510700.0000000000        528550.00000000000       -1.0000000000000000        4.2491000000000002E-004
   7511700.0000000000        528550.00000000000       -1.0000000000000000        4.3658000000000000E-004
   7512600.0000000000        528550.00000000000       -1.0000000000000000        4.3862000000000003E-004
   7513600.0000000000        528550.00000000000       -1.0000000000000000        4.4201000000000000E-004
   7514600.0000000000        528550.00000000000       -1.0000000000000000        4.5370000000000002E-004
   7515600.0000000000        528550.00000000000       -1.0000000000000000        4.6218000000000002E-004
   7516600.0000000000        528550.00000000000       -1.0000000000000000        4.5487000000000001E-004
   7517600.0000000000        528550.00000000000       -1.0000000000000000        4.3507000000000002E-004
   7518600.0000000000        528550.00000000000       -1.0000000000000000        4.0769999999999999E-004
   7519600.0000000000        528550.00000000000       -1.0000000000000000        3.7504999999999998E-004
   7520600.0000000000        528550.00000000000       -1.0000000000000000        3.3696000000000003E-004
   7521600.0000000000        528550.00000000000       -1.0000000000000000        2.8655000000000000E-004
   7522600.0000000000        528550.00000000000       -1.0000000000000000        2.4726000000000001E-004
   7523600.0000000000        528550.00000000000       -1.0000000000000000        2.1636999999999999E-004
   7524600.0000000000        528550.00000000000       -1.0000000000000000        1.9117000000000000E-004
   7525600.0000000000        528550.00000000000       -1.0000000000000000        1.6451000000000001E-004
   7526600.0000000000        528550.00000000000       -1.0000000000000000        1.3266999999999999E-004
   7527600.0000000000        528550.00000000000       -1.0000000000000000        9.6673000000000001E-005
   7528600.0000000000        528550.00000000000       -1.0000000000000000        6.1099000000000006E-005
   7529600.0000000000        528550.00000000000       -1.0000000000000000        2.7478000000000000E-005
   7530600.0000000000        528550.00000000000       -1.0000000000000000       -1.2493000000000000E-005
   7531600.0000000000        528550.00000000000       -1.0000000000000000       -6.5065000000000001E-005
   7532600.0000000000        528550.00000000000       -1.0000000000000000       -1.0821000000000000E-004
   7533600.0000000000        528550.00000000000       -1.0000000000000000       -1.5032000000000001E-004
   7534600.0000000000        528550.00000000000       -1.0000000000000000       -1.9560000000000001E-004
   7535600.0000000000        528550.00000000000       -1.0000000000000000       -2.6153000000000000E-004
   7536600.0000000000        528550.00000000000       -1.0000000000000000       -3.1049000000000002E-004
   7537600.0000000000        528550.00000000000       -1.0000000000000000       -3.3878000000000001E-004
   7538600.0000000000        528550.00000000000       -1.0000000000000000       -3.5980000000000002E-004
   7539600.0000000000        528550.00000000000       -1.0000000000000000       -3.7731000000000000E-004
   7540500.0000000000        528550.00000000000       -1.0000000000000000       -3.8675999999999999E-004
   7541500.0000000000        528550.00000000000       -1.0000000000000000       -3.9449000000000000E-004
   7542500.0000000000        528550.00000000000       -1.0000000000000000       -4.0368000000000001E-004
   7543500.0000000000        528550.00000000000       -1.0000000000000000       -4.0858000000000002E-004
   7544500.0000000000        528550.00000000000       -1.0000000000000000       -4.0777000000000001E-004
   7545500.0000000000        528550.00000000000       -1.0000000000000000       -4.0426999999999998E-004
   7546500.0000000000        528550.00000000000       -1.0000000000000000       -3.9986999999999998E-004
   7547500.0000000000        528550.00000000000       -1.0000000000000000       -3.9407999999999999E-004
   7548500.0000000000        528550.00000000000       -1.0000000000000000       -3.8821000000000000E-004
   7549500.0000000000        528550.00000000000       -1.0000000000000000       -3.8684000000000000E-004
   7550500.0000000000        528550.00000000000       -1.0000000000000000       -3.8604999999999998E-004
   7551500.0000000000        528550.00000000000       -1.0000000000000000       -3.7874000000000002E-004
   7552500.0000000000        528550.00000000000       -1.0000000000000000       -3.6100999999999999E-004
   7553500.0000000000        528550.00000000000       -1.0000000000000000       -3.2941999999999997E-004
   7554500.0000000000        528550.00000000000       -1.0000000000000000       -2.8714000000000002E-004
   7555500.0000000000        528550.00000000000       -1.0000000000000000       -2.3269999999999999E-004
   7556500.0000000000        528550.00000000000       -1.0000000000000000       -1.7312999999999999E-004
   7557500.0000000000        528550.00000000000       -1.0000000000000000       -7.2416000000000006E-005
   7558500.0000000000        528550.00000000000       -1.0000000000000000       -1.9397000000000001E-005
   7559500.0000000000        528550.00000000000       -1.0000000000000000        1.2931000000000000E-005
   7560500.0000000000        528550.00000000000       -1.0000000000000000        2.8456000000000000E-005
   7561500.0000000000        528550.00000000000       -1.0000000000000000        1.9174999999999999E-005
   7562500.0000000000        528550.00000000000       -1.0000000000000000        7.7726000000000008E-006
   7563500.0000000000        528550.00000000000       -1.0000000000000000       -9.6786999999999993E-006
   7564500.0000000000        528550.00000000000       -1.0000000000000000       -3.2583000000000003E-005
   7565500.0000000000        528550.00000000000       -1.0000000000000000       -6.1569999999999995E-005
   7566500.0000000000        528550.00000000000       -1.0000000000000000       -1.0849999999999999E-004
   7567500.0000000000        528550.00000000000       -1.0000000000000000       -1.5014000000000000E-004
