         113
   7455800.0000000000        528550.00000000000       -100.00000000000000        133.97999999999999     
   7456800.0000000000        528550.00000000000       -100.00000000000000        165.86000000000001     
   7457800.0000000000        528550.00000000000       -100.00000000000000        203.81000000000000     
   7458800.0000000000        528550.00000000000       -100.00000000000000        239.58000000000001     
   7459800.0000000000        528550.00000000000       -100.00000000000000        288.77999999999997     
   7460800.0000000000        528550.00000000000       -100.00000000000000        366.20999999999998     
   7461800.0000000000        528550.00000000000       -100.00000000000000        500.31000000000000     
   7462800.0000000000        528550.00000000000       -100.00000000000000        678.08000000000004     
   7463800.0000000000        528550.00000000000       -100.00000000000000        34.719000000000001     
   7464800.0000000000        528550.00000000000       -100.00000000000000        82.567999999999998     
   7465800.0000000000        528550.00000000000       -100.00000000000000        85.965000000000003     
   7466800.0000000000        528550.00000000000       -100.00000000000000        77.486000000000004     
   7467800.0000000000        528550.00000000000       -100.00000000000000        67.756000000000000     
   7468800.0000000000        528550.00000000000       -100.00000000000000        61.125999999999998     
   7469800.0000000000        528550.00000000000       -100.00000000000000        58.543999999999997     
   7470800.0000000000        528550.00000000000       -100.00000000000000        56.576999999999998     
   7471800.0000000000        528550.00000000000       -100.00000000000000        55.341999999999999     
   7472800.0000000000        528550.00000000000       -100.00000000000000        52.259999999999998     
   7473800.0000000000        528550.00000000000       -100.00000000000000        53.027999999999999     
   7474800.0000000000        528550.00000000000       -100.00000000000000        58.295999999999999     
   7475800.0000000000        528550.00000000000       -100.00000000000000        64.969999999999999     
   7476800.0000000000        528550.00000000000       -100.00000000000000        60.759000000000000     
   7477800.0000000000        528550.00000000000       -100.00000000000000        24.384000000000000     
   7478800.0000000000        528550.00000000000       -100.00000000000000        693.44000000000005     
   7479800.0000000000        528550.00000000000       -100.00000000000000        563.19000000000005     
   7480800.0000000000        528550.00000000000       -100.00000000000000        491.85000000000002     
   7481800.0000000000        528550.00000000000       -100.00000000000000       -307.02999999999997     
   7482800.0000000000        528550.00000000000       -100.00000000000000       -209.97999999999999     
   7483700.0000000000        528550.00000000000       -100.00000000000000       -155.02000000000001     
   7484700.0000000000        528550.00000000000       -100.00000000000000       -128.93000000000001     
   7485700.0000000000        528550.00000000000       -100.00000000000000       -123.84999999999999     
   7486700.0000000000        528550.00000000000       -100.00000000000000       -53.386000000000003     
   7487700.0000000000        528550.00000000000       -100.00000000000000       -49.866999999999997     
   7488700.0000000000        528550.00000000000       -100.00000000000000       -42.844999999999999     
   7489700.0000000000        528550.00000000000       -100.00000000000000       -34.045000000000002     
   7490700.0000000000        528550.00000000000       -100.00000000000000       -27.800000000000001     
   7491700.0000000000        528550.00000000000       -100.00000000000000       -24.574999999999999     
   7492700.0000000000        528550.00000000000       -100.00000000000000       -93.152000000000001     
   7493700.0000000000        528550.00000000000       -100.00000000000000       -20.472000000000001     
   7494700.0000000000        528550.00000000000       -100.00000000000000       -20.189000000000000     
   7495700.0000000000        528550.00000000000       -100.00000000000000       -19.870999999999999     
   7496700.0000000000        528550.00000000000       -100.00000000000000       -25.065999999999999     
   7497700.0000000000        528550.00000000000       -100.00000000000000       -35.637999999999998     
   7498700.0000000000        528550.00000000000       -100.00000000000000       -42.256999999999998     
   7499700.0000000000        528550.00000000000       -100.00000000000000       -39.884999999999998     
   7500700.0000000000        528550.00000000000       -100.00000000000000       -39.335999999999999     
   7501700.0000000000        528550.00000000000       -100.00000000000000       -55.524999999999999     
   7502700.0000000000        528550.00000000000       -100.00000000000000        165.59999999999999     
   7503700.0000000000        528550.00000000000       -100.00000000000000       -55.246000000000002     
   7504700.0000000000        528550.00000000000       -100.00000000000000       -95.935000000000002     
   7505700.0000000000        528550.00000000000       -100.00000000000000       -83.480999999999995     
   7506700.0000000000        528550.00000000000       -100.00000000000000       -97.784000000000006     
   7507700.0000000000        528550.00000000000       -100.00000000000000       -141.84000000000000     
   7508700.0000000000        528550.00000000000       -100.00000000000000       -195.13999999999999     
   7509700.0000000000        528550.00000000000       -100.00000000000000       -290.95999999999998     
   7510700.0000000000        528550.00000000000       -100.00000000000000       -291.95999999999998     
   7511700.0000000000        528550.00000000000       -100.00000000000000        420.35000000000002     
   7512600.0000000000        528550.00000000000       -100.00000000000000        457.66000000000003     
   7513600.0000000000        528550.00000000000       -100.00000000000000        534.98000000000002     
   7514600.0000000000        528550.00000000000       -100.00000000000000        657.17999999999995     
   7515600.0000000000        528550.00000000000       -100.00000000000000        94.134000000000000     
   7516600.0000000000        528550.00000000000       -100.00000000000000        195.97000000000000     
   7517600.0000000000        528550.00000000000       -100.00000000000000        188.94999999999999     
   7518600.0000000000        528550.00000000000       -100.00000000000000        72.537000000000006     
   7519600.0000000000        528550.00000000000       -100.00000000000000        636.16999999999996     
   7520600.0000000000        528550.00000000000       -100.00000000000000        522.49000000000001     
   7521600.0000000000        528550.00000000000       -100.00000000000000       -285.99000000000001     
   7522600.0000000000        528550.00000000000       -100.00000000000000       -229.06000000000000     
   7523600.0000000000        528550.00000000000       -100.00000000000000       -152.38999999999999     
   7524600.0000000000        528550.00000000000       -100.00000000000000       -102.87000000000000     
   7525600.0000000000        528550.00000000000       -100.00000000000000       -71.331999999999994     
   7526600.0000000000        528550.00000000000       -100.00000000000000       -51.371000000000002     
   7527600.0000000000        528550.00000000000       -100.00000000000000       -40.709000000000003     
   7528600.0000000000        528550.00000000000       -100.00000000000000       -37.725999999999999     
   7529600.0000000000        528550.00000000000       -100.00000000000000       -33.945999999999998     
   7530600.0000000000        528550.00000000000       -100.00000000000000       -27.876000000000001     
   7531600.0000000000        528550.00000000000       -100.00000000000000       -25.224000000000000     
   7532600.0000000000        528550.00000000000       -100.00000000000000       -25.571000000000002     
   7533600.0000000000        528550.00000000000       -100.00000000000000       -28.538000000000000     
   7534600.0000000000        528550.00000000000       -100.00000000000000       -33.595999999999997     
   7535600.0000000000        528550.00000000000       -100.00000000000000       -136.41000000000000     
   7536600.0000000000        528550.00000000000       -100.00000000000000       -112.03000000000000     
   7537600.0000000000        528550.00000000000       -100.00000000000000       -96.352000000000004     
   7538600.0000000000        528550.00000000000       -100.00000000000000       -86.308000000000007     
   7539600.0000000000        528550.00000000000       -100.00000000000000       -75.894000000000005     
   7540500.0000000000        528550.00000000000       -100.00000000000000       -72.730999999999995     
   7541500.0000000000        528550.00000000000       -100.00000000000000       -73.069999999999993     
   7542500.0000000000        528550.00000000000       -100.00000000000000       -71.144999999999996     
   7543500.0000000000        528550.00000000000       -100.00000000000000       -63.250999999999998     
   7544500.0000000000        528550.00000000000       -100.00000000000000       -58.883000000000003     
   7545500.0000000000        528550.00000000000       -100.00000000000000       -58.335000000000001     
   7546500.0000000000        528550.00000000000       -100.00000000000000       -59.603000000000002     
   7547500.0000000000        528550.00000000000       -100.00000000000000       -58.588999999999999     
   7548500.0000000000        528550.00000000000       -100.00000000000000       -60.542000000000002     
   7549500.0000000000        528550.00000000000       -100.00000000000000       -68.534000000000006     
   7550500.0000000000        528550.00000000000       -100.00000000000000       -72.441000000000003     
   7551500.0000000000        528550.00000000000       -100.00000000000000       -72.674999999999997     
   7552500.0000000000        528550.00000000000       -100.00000000000000       -79.084000000000003     
   7553500.0000000000        528550.00000000000       -100.00000000000000       -93.114999999999995     
   7554500.0000000000        528550.00000000000       -100.00000000000000       -108.62000000000000     
   7555500.0000000000        528550.00000000000       -100.00000000000000       -126.48999999999999     
   7556500.0000000000        528550.00000000000       -100.00000000000000       -151.99000000000001     
   7557500.0000000000        528550.00000000000       -100.00000000000000       -181.87000000000000     
   7558500.0000000000        528550.00000000000       -100.00000000000000        500.36000000000001     
   7559500.0000000000        528550.00000000000       -100.00000000000000        585.52999999999997     
   7560500.0000000000        528550.00000000000       -100.00000000000000        619.12000000000000     
   7561500.0000000000        528550.00000000000       -100.00000000000000       -94.826999999999998     
   7562500.0000000000        528550.00000000000       -100.00000000000000       -57.886000000000003     
   7563500.0000000000        528550.00000000000       -100.00000000000000       -18.103000000000002     
   7564500.0000000000        528550.00000000000       -100.00000000000000        5.0933000000000002     
   7565500.0000000000        528550.00000000000       -100.00000000000000        12.724000000000000     
   7566500.0000000000        528550.00000000000       -100.00000000000000        1.0078000000000000     
   7567500.0000000000        528550.00000000000       -100.00000000000000       -26.292999999999999     
